D:\kplib\03InverseStronglyCorrelated\n00050\R10000\s090.kp
e - s = 0.0
e - s <= 170.0: True
Capacity = 148037
Total value = 132037
Total weight: 148037
Packed items: [2, 7, 8, 12, 15, 16, 18, 20, 22, 25, 32, 33, 36, 37, 38, 47]
Packed_weights: [7595, 9884, 9180, 8316, 10520, 9468, 9091, 8697, 7794, 10274, 10848, 10725, 8834, 8388, 8673, 9750]
================================================================================================
D:\kplib\03InverseStronglyCorrelated\n00100\R10000\s005.kp
e - s = 0.004180908203125
e - s <= 170.0: True
Capacity = 295717
Total value = 265717
Total weight: 295717
Packed items: [3, 5, 8, 10, 19, 20, 22, 27, 30, 31, 33, 37, 39, 40, 52, 56, 58, 60, 61, 69, 71, 72, 73, 77, 80, 81, 83, 87, 89, 97]
Packed_weights: [10425, 10224, 10434, 10010, 10164, 8658, 8972, 9715, 10825, 9725, 10615, 10410, 10666, 9938, 9186, 8047, 10751, 8498, 9449, 10552, 8558, 10297, 10421, 8757, 8973, 9597, 10459, 10181, 10242, 10968]
================================================================================================
D:\kplib\03InverseStronglyCorrelated\n00200\R10000\s075.kp
e - s = 180.02509331703186
e - s <= 170.0: False
Capacity = 595634
Total value = 531199
Total weight: 594199
Packed items: [3, 8, 11, 16, 21, 26, 28, 37, 42, 48, 49, 50, 51, 55, 56, 60, 64, 65, 70, 75, 76, 80, 82, 85, 87, 89, 92, 93, 95, 97, 98, 101, 108, 110, 112, 113, 117, 118, 121, 126, 128, 133, 134, 138, 140, 141, 145, 149, 155, 157, 159, 160, 162, 167, 169, 181, 185, 186, 190, 194, 195, 197, 199]
Packed_weights: [8677, 9825, 9974, 9613, 10759, 9773, 10590, 9136, 10527, 8069, 8944, 10523, 10327, 9797, 10758, 8383, 8074, 8481, 10808, 9534, 9026, 9125, 10056, 10181, 9037, 10915, 8590, 10818, 8908, 8400, 9554, 8748, 10419, 8889, 9571, 9724, 9781, 9174, 10988, 8285, 9513, 8990, 8684, 8360, 9918, 8568, 8439, 8028, 10889, 8455, 10275, 9249, 9208, 8108, 9619, 8695, 10323, 9339, 9557, 8649, 10576, 9467, 8529]
================================================================================================
D:\kplib\03InverseStronglyCorrelated\n00500\R10000\s026.kp
e - s = 180.02083444595337
e - s <= 170.0: False
Capacity = 1442019
Total value = 1286600
Total weight: 1438600
Packed items: [0, 5, 6, 8, 11, 12, 14, 15, 16, 18, 22, 23, 25, 27, 35, 36, 38, 40, 42, 49, 53, 54, 58, 59, 60, 67, 69, 70, 71, 72, 73, 81, 83, 86, 98, 101, 103, 108, 113, 115, 116, 119, 120, 130, 131, 134, 136, 141, 142, 143, 147, 155, 156, 159, 162, 167, 176, 177, 179, 180, 184, 188, 189, 190, 191, 192, 196, 197, 198, 201, 205, 208, 213, 216, 222, 226, 233, 238, 242, 245, 248, 249, 251, 256, 261, 262, 264, 267, 268, 272, 275, 277, 282, 286, 287, 290, 295, 296, 309, 315, 316, 320, 322, 323, 326, 328, 333, 336, 339, 345, 346, 347, 349, 350, 351, 353, 357, 363, 371, 379, 382, 387, 388, 395, 396, 397, 402, 409, 410, 411, 412, 417, 420, 427, 434, 438, 439, 442, 444, 445, 455, 458, 472, 478, 479, 480, 481, 482, 489, 492, 494, 499]
Packed_weights: [8473, 8764, 8645, 7834, 10538, 10868, 9442, 8864, 10718, 10379, 9389, 10567, 9277, 10686, 9160, 9512, 9474, 9809, 10398, 8141, 8812, 10905, 8838, 10423, 8065, 10594, 10069, 8609, 8755, 10129, 7980, 10725, 9187, 9156, 7808, 10405, 10371, 10659, 10833, 9071, 7999, 8324, 10284, 10140, 8146, 8577, 8342, 8946, 10397, 10853, 8442, 9195, 8211, 8790, 10706, 10492, 8143, 7940, 8092, 8626, 10790, 10084, 10990, 8607, 10391, 9091, 7884, 8641, 7925, 10463, 10553, 9114, 7909, 10226, 8729, 8012, 8396, 7827, 8891, 10891, 7837, 10511, 10225, 10857, 9554, 10196, 9931, 9704, 8168, 8442, 9582, 8381, 10242, 8530, 8369, 9940, 9109, 8656, 10353, 9861, 8687, 9348, 8565, 10634, 9126, 10285, 10540, 10846, 9733, 9892, 10052, 10065, 9149, 10610, 8016, 8610, 9236, 8191, 10077, 10612, 10951, 9356, 10421, 8114, 8105, 9486, 10089, 9347, 9725, 9416, 9999, 7815, 10938, 10804, 9779, 10673, 8220, 8879, 10698, 10553, 8727, 8778, 10281, 10276, 10756, 9516, 9632, 10234, 8277, 9448, 9912, 10282]
================================================================================================
D:\kplib\03InverseStronglyCorrelated\n01000\R10000\s097.kp
e - s = 180.01802110671997
e - s <= 170.0: False
Capacity = 2979604
Total value = 2663505
Total weight: 2977505
Packed items: [1, 3, 4, 8, 9, 14, 20, 24, 28, 30, 32, 42, 43, 46, 48, 50, 51, 52, 55, 62, 65, 68, 69, 75, 76, 80, 86, 87, 89, 91, 93, 97, 101, 104, 105, 108, 110, 111, 117, 128, 132, 133, 141, 142, 143, 146, 147, 148, 149, 154, 156, 157, 158, 159, 164, 170, 172, 174, 178, 179, 181, 182, 183, 184, 188, 189, 201, 209, 214, 215, 218, 219, 225, 231, 233, 236, 244, 245, 246, 248, 249, 251, 253, 259, 260, 261, 277, 279, 288, 294, 295, 296, 298, 303, 305, 310, 311, 315, 317, 318, 319, 327, 329, 330, 336, 337, 339, 345, 346, 348, 352, 355, 360, 368, 369, 370, 374, 378, 380, 381, 383, 384, 385, 386, 387, 389, 392, 397, 400, 403, 405, 411, 412, 419, 420, 424, 425, 427, 428, 430, 433, 434, 438, 439, 441, 442, 443, 445, 446, 447, 451, 453, 456, 457, 459, 463, 466, 472, 477, 479, 481, 484, 487, 488, 495, 496, 501, 510, 511, 512, 515, 516, 517, 522, 527, 529, 535, 538, 540, 541, 545, 548, 549, 552, 553, 562, 564, 571, 575, 578, 580, 581, 583, 584, 586, 588, 589, 594, 596, 598, 608, 611, 614, 617, 627, 629, 630, 647, 652, 653, 655, 656, 667, 668, 669, 677, 678, 681, 682, 687, 698, 700, 707, 709, 711, 716, 717, 718, 719, 720, 722, 724, 732, 734, 740, 742, 746, 748, 749, 752, 756, 759, 767, 772, 773, 777, 787, 793, 796, 803, 806, 807, 814, 819, 821, 822, 825, 829, 830, 833, 835, 842, 843, 844, 845, 851, 854, 855, 864, 875, 876, 877, 878, 880, 881, 883, 886, 889, 890, 892, 897, 902, 915, 916, 919, 920, 924, 925, 928, 933, 935, 940, 945, 948, 951, 952, 959, 960, 961, 962, 963, 967, 968, 970, 979, 980, 981, 985, 987, 988, 995, 996, 997, 998]
Packed_weights: [9061, 9421, 8963, 9883, 9151, 9220, 9629, 8483, 10071, 8432, 10778, 10794, 10757, 8375, 8459, 10224, 8353, 9862, 9382, 8776, 8804, 9872, 10834, 10939, 7970, 9793, 10208, 9475, 9650, 10201, 8349, 9673, 10417, 8814, 9355, 9816, 10084, 10046, 8743, 9268, 8982, 9470, 10558, 8177, 10268, 8430, 10633, 9604, 10056, 9041, 10420, 10822, 9675, 10275, 10280, 9012, 8639, 11000, 10133, 8760, 10157, 9356, 9736, 10902, 10736, 10683, 8397, 8512, 10328, 9306, 9215, 10220, 10867, 9848, 8699, 8970, 9921, 8490, 8818, 10417, 9442, 10427, 8476, 8556, 10877, 8935, 10100, 9363, 10044, 8245, 8372, 9377, 10285, 9172, 10802, 10799, 10417, 10006, 9146, 8900, 9596, 9339, 9628, 9885, 9608, 10947, 9623, 8131, 8184, 10144, 8449, 8736, 8547, 8752, 9403, 8958, 9618, 7945, 9746, 8835, 8221, 9468, 9997, 8033, 8111, 10981, 9173, 9568, 7915, 10048, 8731, 9211, 8339, 9906, 10727, 8714, 10533, 10549, 8694, 8523, 8165, 9906, 8543, 10523, 10941, 8768, 9289, 9039, 8503, 10448, 9826, 8842, 10430, 8764, 8253, 9855, 7957, 10127, 10339, 10672, 10098, 9500, 9631, 9257, 9810, 9676, 8827, 9117, 9531, 8361, 7930, 9273, 10693, 9241, 10861, 8158, 9521, 9558, 9738, 9879, 8621, 10437, 8663, 9056, 10547, 10333, 10797, 8951, 9603, 8365, 8339, 9077, 10091, 9972, 8303, 9386, 9829, 9236, 8404, 7993, 8300, 9936, 10540, 9177, 8256, 9819, 9427, 9484, 8160, 9442, 10916, 10748, 8041, 10921, 8081, 9343, 8835, 10699, 10883, 9803, 8634, 10461, 10051, 10639, 9220, 8732, 10367, 9364, 8103, 8428, 7911, 10799, 7971, 10926, 10689, 10176, 10031, 8731, 8799, 9571, 10065, 10493, 9396, 9243, 8996, 10460, 10259, 8306, 10703, 8404, 9449, 10001, 9482, 8253, 10721, 7992, 8725, 10847, 9366, 10096, 10230, 8633, 8610, 8124, 9176, 10199, 8399, 10154, 9480, 8706, 10581, 8054, 10009, 10934, 9082, 9820, 10924, 9913, 9210, 10917, 10579, 8020, 9256, 8249, 9425, 10689, 9310, 10574, 9746, 8156, 10360, 10902, 8670, 8450, 10652, 7978, 10918, 8475, 10382, 8660, 9223, 9222, 10177, 8260, 9626, 8596, 8619, 9729, 9310, 9375, 9530, 9919, 9555, 10779]
================================================================================================
D:\kplib\03InverseStronglyCorrelated\n02000\R10000\s043.kp
e - s = 180.00075721740723
e - s <= 170.0: False
Capacity = 5896631
Total value = 5262014
Total weight: 5895014
Packed items: [1, 5, 11, 13, 16, 17, 22, 29, 30, 32, 35, 37, 38, 41, 42, 45, 47, 48, 54, 58, 59, 60, 62, 69, 75, 76, 78, 79, 80, 81, 83, 85, 86, 87, 88, 90, 93, 95, 99, 104, 105, 106, 108, 113, 121, 122, 123, 127, 130, 141, 145, 149, 152, 160, 161, 163, 165, 169, 171, 175, 176, 177, 178, 180, 182, 192, 195, 196, 199, 203, 209, 210, 213, 215, 216, 219, 222, 223, 226, 228, 231, 241, 245, 246, 249, 254, 255, 259, 264, 265, 268, 273, 275, 280, 283, 286, 292, 295, 299, 306, 310, 320, 324, 325, 326, 328, 333, 339, 349, 357, 358, 363, 369, 376, 377, 380, 382, 390, 396, 398, 399, 401, 403, 405, 409, 418, 420, 422, 427, 429, 437, 438, 440, 441, 442, 444, 445, 447, 448, 449, 451, 452, 456, 473, 479, 482, 486, 487, 490, 492, 493, 495, 497, 498, 500, 502, 505, 508, 513, 519, 520, 521, 522, 526, 536, 537, 539, 545, 547, 552, 553, 556, 557, 566, 570, 571, 576, 585, 594, 595, 596, 597, 603, 606, 609, 616, 617, 621, 623, 624, 631, 633, 635, 637, 638, 639, 643, 645, 648, 649, 650, 652, 653, 658, 660, 662, 664, 665, 671, 672, 680, 682, 683, 691, 696, 697, 702, 703, 705, 707, 711, 716, 725, 726, 727, 728, 735, 736, 737, 739, 740, 741, 743, 744, 745, 748, 751, 757, 762, 764, 765, 774, 775, 777, 780, 784, 786, 790, 791, 794, 800, 801, 807, 810, 811, 814, 815, 820, 822, 826, 829, 830, 833, 836, 838, 846, 849, 850, 854, 858, 859, 865, 866, 867, 868, 871, 875, 876, 878, 881, 886, 889, 901, 906, 907, 909, 910, 911, 912, 915, 916, 917, 919, 920, 929, 931, 934, 940, 941, 948, 949, 951, 953, 954, 956, 961, 962, 963, 966, 967, 968, 976, 977, 980, 981, 982, 993, 995, 996, 997, 999, 1000, 1002, 1003, 1007, 1009, 1011, 1024, 1026, 1028, 1031, 1036, 1037, 1041, 1045, 1048, 1055, 1056, 1070, 1073, 1075, 1080, 1084, 1091, 1098, 1100, 1102, 1105, 1106, 1109, 1118, 1120, 1127, 1128, 1133, 1136, 1139, 1141, 1149, 1158, 1160, 1163, 1166, 1168, 1169, 1171, 1172, 1173, 1174, 1179, 1188, 1189, 1192, 1195, 1199, 1206, 1208, 1211, 1212, 1214, 1218, 1225, 1229, 1230, 1232, 1233, 1234, 1242, 1247, 1248, 1250, 1255, 1258, 1263, 1267, 1269, 1271, 1276, 1279, 1283, 1286, 1287, 1288, 1290, 1291, 1293, 1296, 1297, 1300, 1301, 1302, 1303, 1305, 1307, 1311, 1316, 1319, 1320, 1321, 1323, 1324, 1325, 1335, 1336, 1337, 1338, 1339, 1341, 1342, 1345, 1346, 1347, 1348, 1350, 1352, 1357, 1358, 1361, 1363, 1364, 1367, 1369, 1371, 1376, 1378, 1383, 1390, 1391, 1395, 1400, 1405, 1406, 1411, 1416, 1418, 1421, 1423, 1426, 1428, 1429, 1434, 1437, 1445, 1446, 1451, 1452, 1457, 1459, 1465, 1466, 1471, 1472, 1480, 1481, 1482, 1496, 1497, 1498, 1499, 1501, 1503, 1504, 1506, 1515, 1517, 1518, 1525, 1534, 1535, 1542, 1543, 1545, 1551, 1559, 1563, 1564, 1565, 1567, 1568, 1569, 1570, 1571, 1573, 1576, 1583, 1584, 1587, 1596, 1607, 1608, 1612, 1615, 1618, 1620, 1627, 1629, 1634, 1637, 1640, 1642, 1645, 1647, 1648, 1656, 1663, 1666, 1669, 1675, 1676, 1687, 1692, 1696, 1701, 1703, 1707, 1708, 1709, 1712, 1713, 1715, 1718, 1722, 1723, 1725, 1726, 1729, 1730, 1732, 1735, 1740, 1741, 1742, 1744, 1750, 1753, 1756, 1764, 1765, 1770, 1774, 1776, 1779, 1780, 1781, 1785, 1786, 1788, 1790, 1793, 1796, 1799, 1802, 1804, 1806, 1811, 1814, 1815, 1817, 1821, 1825, 1831, 1832, 1838, 1839, 1841, 1846, 1851, 1852, 1853, 1857, 1860, 1861, 1868, 1869, 1874, 1877, 1880, 1883, 1885, 1886, 1887, 1891, 1896, 1899, 1901, 1907, 1908, 1910, 1912, 1914, 1918, 1921, 1927, 1929, 1930, 1939, 1942, 1954, 1956, 1958, 1964, 1965, 1968, 1973, 1975, 1976, 1977, 1983, 1985, 1987, 1989, 1995, 1999]
Packed_weights: [7963, 8930, 9523, 8554, 9509, 9203, 8724, 10420, 9391, 9888, 9557, 10328, 7793, 8869, 9990, 8012, 9484, 8809, 10692, 8792, 10553, 8152, 10666, 9075, 10036, 10767, 8346, 10892, 10039, 9851, 8173, 10374, 8031, 9437, 9573, 8124, 10366, 7851, 10125, 9274, 8063, 10650, 10589, 10896, 10147, 9610, 10512, 8643, 7993, 7926, 7994, 8034, 8297, 10123, 8523, 9454, 8239, 10308, 9196, 9818, 7997, 10044, 9936, 10852, 8301, 9044, 8835, 7983, 8960, 10949, 9860, 8888, 10384, 8164, 10072, 10138, 9817, 9417, 9333, 8574, 7932, 9184, 7991, 7809, 10505, 9912, 9351, 9551, 9943, 10284, 8747, 9737, 9082, 8913, 8998, 9498, 9329, 9145, 8681, 7914, 8633, 7800, 10245, 9103, 10916, 9853, 8233, 10452, 8935, 10608, 9959, 8214, 8968, 9309, 8970, 10263, 8659, 10201, 8244, 10864, 9737, 8113, 10906, 8458, 8991, 7999, 9224, 10910, 10272, 8569, 7984, 10886, 8994, 10518, 10711, 9376, 7975, 9197, 9975, 9963, 8261, 9277, 10210, 10898, 10134, 9353, 7960, 8632, 10838, 9000, 9080, 8846, 10025, 8459, 9397, 9659, 10450, 9077, 9412, 9015, 9007, 8404, 8308, 8449, 8891, 9351, 9859, 9989, 9739, 10913, 9478, 9872, 10400, 7814, 10175, 7843, 10587, 9278, 9141, 7995, 10609, 7912, 8957, 9939, 10725, 9068, 10982, 8049, 9623, 10479, 9266, 9339, 8457, 8854, 8351, 9049, 9157, 8628, 8340, 8279, 8862, 7844, 8364, 8756, 9343, 10537, 10717, 8776, 10697, 9582, 8174, 10820, 10178, 8202, 8459, 8518, 9391, 8324, 8245, 9922, 10781, 8631, 10634, 7852, 8631, 7828, 8512, 10301, 9386, 8150, 10579, 10407, 7956, 9379, 9668, 10647, 10953, 8975, 9612, 8989, 9253, 9044, 9448, 9862, 9078, 9364, 10755, 7998, 10305, 9204, 10887, 9422, 9084, 8559, 10900, 7868, 10687, 9394, 9203, 9386, 8011, 9755, 9833, 9334, 8614, 9400, 8658, 7860, 9440, 8293, 10023, 8636, 9845, 9414, 10264, 8964, 7978, 9016, 8385, 8311, 9076, 8881, 10762, 9776, 9256, 8453, 7805, 8395, 9907, 8349, 8466, 9272, 7775, 8704, 10974, 10287, 8343, 9832, 8641, 8802, 10567, 7809, 10729, 9480, 8444, 10074, 10802, 9016, 8126, 10067, 7998, 7805, 7938, 8491, 10221, 8200, 8919, 9878, 10479, 8244, 9161, 9562, 8364, 8578, 10076, 8635, 8684, 8453, 9104, 10921, 10671, 10363, 10374, 8540, 9657, 8396, 9056, 10399, 8261, 7826, 8537, 9592, 8576, 7898, 7891, 9099, 8506, 8911, 9909, 10320, 9908, 9737, 10902, 8165, 8814, 8355, 8376, 10416, 7969, 8122, 7879, 10058, 7775, 7806, 8456, 9359, 8074, 8671, 10687, 9204, 8733, 9804, 10477, 9907, 9277, 9270, 10348, 8824, 9606, 7969, 8785, 8951, 7996, 10880, 9532, 10389, 9313, 8679, 9074, 9719, 9679, 9590, 9073, 10092, 9672, 9120, 9110, 10631, 8739, 10278, 10780, 8510, 10040, 10944, 9406, 10237, 9474, 8933, 10820, 9953, 10149, 10921, 8879, 8587, 10990, 10428, 10822, 8269, 9195, 7865, 9005, 10273, 9741, 8226, 10869, 8186, 10389, 10171, 10520, 9754, 9322, 7965, 9793, 10724, 7919, 8878, 9560, 10163, 8982, 10679, 9717, 9961, 9159, 10164, 10124, 9396, 8006, 7926, 8230, 9380, 9653, 10853, 9909, 10543, 9491, 9130, 9309, 9753, 7950, 8093, 8271, 9981, 9137, 8006, 8424, 9138, 10317, 7868, 10806, 10528, 10676, 8989, 10876, 8450, 10368, 10072, 9270, 8104, 8477, 8793, 7806, 8504, 10057, 10365, 8262, 7760, 10946, 8368, 9801, 9441, 10314, 10536, 8611, 10714, 10947, 9159, 9346, 8124, 9695, 10593, 8414, 9445, 10230, 10807, 8580, 8775, 10029, 7933, 10448, 8781, 10661, 8171, 8137, 7871, 8131, 10847, 9471, 7902, 9437, 9511, 9058, 7934, 10587, 10595, 9501, 10524, 8466, 8664, 10079, 9293, 8755, 10955, 8732, 8135, 8524, 10508, 9453, 8776, 8343, 9435, 10092, 8508, 10311, 8322, 8882, 8181, 9069, 7923, 8947, 8402, 10233, 10164, 8556, 10916, 7822, 8143, 10465, 7943, 10227, 10221, 9266, 8516, 9362, 8984, 8290, 9070, 8009, 10828, 8842, 8193, 9480, 9055, 9113, 10060, 10091, 10340, 9657, 9906, 9473, 10729, 7906, 8163, 8429, 9765, 9241, 9151, 8862, 10064, 10651, 9679, 10328, 9128, 10129, 9967, 8134, 10014, 10961, 8823, 9397, 10324, 10553, 10979, 9654, 9848, 10834, 9523, 10619, 9252, 7856, 8866, 7905, 9491, 10529, 8603, 9496, 8182, 10239, 8480, 9402, 8124, 8114, 9249, 9448, 7780, 9223, 10969, 10441, 8661, 8730, 9094, 10449, 8364, 10623]
================================================================================================
D:\kplib\03InverseStronglyCorrelated\n05000\R10000\s044.kp
e - s = 179.97265315055847
e - s <= 170.0: False
Capacity = 14760288
Total value = 13191288
Total weight: 14760288
Packed items: [2, 10, 11, 14, 17, 22, 25, 29, 35, 38, 39, 42, 48, 51, 52, 57, 60, 65, 74, 81, 84, 85, 87, 91, 99, 102, 107, 109, 110, 113, 115, 121, 129, 131, 132, 134, 136, 137, 138, 141, 142, 156, 159, 164, 166, 171, 172, 175, 176, 177, 183, 188, 190, 191, 192, 196, 199, 208, 211, 217, 218, 225, 228, 230, 232, 237, 240, 243, 245, 247, 250, 255, 258, 259, 263, 265, 268, 269, 273, 278, 282, 286, 302, 303, 305, 307, 310, 313, 316, 322, 324, 326, 327, 328, 330, 333, 335, 343, 349, 351, 357, 366, 367, 377, 381, 384, 386, 394, 396, 397, 399, 403, 406, 409, 416, 419, 421, 425, 426, 427, 430, 431, 432, 436, 437, 441, 443, 456, 457, 459, 460, 461, 464, 466, 467, 470, 477, 483, 487, 489, 490, 491, 494, 501, 504, 505, 506, 510, 511, 512, 514, 515, 518, 523, 524, 528, 531, 532, 534, 536, 539, 544, 547, 554, 555, 556, 557, 559, 560, 562, 564, 565, 566, 570, 572, 574, 575, 578, 580, 581, 583, 585, 587, 591, 592, 595, 596, 599, 608, 609, 612, 617, 619, 621, 625, 631, 637, 641, 649, 651, 654, 659, 661, 664, 665, 666, 670, 677, 681, 683, 694, 698, 699, 706, 708, 712, 716, 728, 730, 731, 735, 738, 740, 741, 743, 745, 746, 748, 750, 752, 754, 758, 759, 764, 767, 770, 771, 774, 778, 781, 784, 785, 786, 790, 795, 800, 802, 806, 807, 813, 818, 823, 825, 826, 827, 828, 829, 830, 831, 834, 838, 839, 845, 848, 856, 857, 859, 860, 861, 867, 871, 877, 883, 885, 888, 889, 890, 902, 903, 908, 909, 911, 912, 915, 916, 924, 926, 928, 929, 932, 933, 935, 938, 942, 943, 944, 951, 953, 954, 955, 958, 967, 972, 973, 980, 982, 987, 988, 991, 992, 1007, 1014, 1023, 1024, 1029, 1032, 1037, 1039, 1040, 1044, 1046, 1048, 1052, 1056, 1060, 1062, 1063, 1075, 1081, 1083, 1084, 1087, 1090, 1093, 1095, 1099, 1103, 1104, 1105, 1106, 1107, 1111, 1112, 1115, 1116, 1117, 1120, 1126, 1131, 1132, 1142, 1143, 1144, 1146, 1149, 1151, 1153, 1158, 1159, 1160, 1164, 1165, 1169, 1171, 1172, 1177, 1181, 1187, 1190, 1192, 1196, 1210, 1216, 1218, 1219, 1223, 1225, 1227, 1231, 1232, 1238, 1239, 1240, 1241, 1242, 1249, 1250, 1255, 1256, 1257, 1258, 1259, 1263, 1264, 1265, 1271, 1274, 1279, 1282, 1283, 1288, 1290, 1297, 1298, 1299, 1300, 1302, 1307, 1308, 1314, 1315, 1316, 1318, 1319, 1326, 1331, 1335, 1340, 1345, 1346, 1347, 1349, 1350, 1355, 1357, 1361, 1367, 1369, 1370, 1374, 1375, 1381, 1385, 1392, 1393, 1395, 1397, 1399, 1400, 1402, 1405, 1408, 1413, 1416, 1418, 1427, 1433, 1441, 1442, 1444, 1446, 1449, 1450, 1452, 1460, 1468, 1469, 1471, 1473, 1481, 1487, 1489, 1493, 1497, 1507, 1508, 1513, 1515, 1521, 1527, 1532, 1535, 1538, 1540, 1541, 1545, 1555, 1560, 1565, 1569, 1572, 1573, 1575, 1578, 1579, 1585, 1587, 1588, 1598, 1601, 1602, 1604, 1607, 1608, 1610, 1618, 1621, 1622, 1623, 1624, 1627, 1631, 1633, 1635, 1638, 1639, 1644, 1648, 1654, 1655, 1656, 1657, 1669, 1671, 1672, 1673, 1678, 1681, 1684, 1687, 1689, 1691, 1693, 1698, 1699, 1700, 1702, 1705, 1706, 1707, 1710, 1720, 1724, 1726, 1729, 1731, 1732, 1733, 1747, 1750, 1751, 1753, 1755, 1757, 1760, 1762, 1764, 1768, 1769, 1771, 1778, 1780, 1782, 1784, 1792, 1793, 1798, 1808, 1809, 1810, 1811, 1812, 1813, 1814, 1815, 1817, 1818, 1820, 1825, 1833, 1839, 1845, 1854, 1857, 1863, 1869, 1870, 1877, 1879, 1887, 1889, 1891, 1893, 1894, 1898, 1900, 1902, 1904, 1905, 1907, 1908, 1912, 1914, 1915, 1916, 1919, 1929, 1931, 1932, 1933, 1935, 1938, 1942, 1945, 1949, 1950, 1951, 1954, 1958, 1959, 1963, 1968, 1978, 1988, 1992, 1994, 2003, 2010, 2016, 2018, 2020, 2021, 2022, 2026, 2031, 2032, 2034, 2039, 2040, 2046, 2056, 2057, 2058, 2061, 2063, 2064, 2072, 2073, 2074, 2085, 2089, 2094, 2097, 2100, 2101, 2103, 2105, 2106, 2108, 2110, 2111, 2113, 2116, 2118, 2120, 2129, 2130, 2133, 2135, 2148, 2149, 2153, 2154, 2156, 2157, 2159, 2162, 2163, 2166, 2169, 2170, 2171, 2173, 2174, 2175, 2177, 2179, 2181, 2182, 2185, 2198, 2199, 2200, 2201, 2209, 2211, 2213, 2215, 2217, 2222, 2223, 2224, 2231, 2233, 2237, 2238, 2242, 2247, 2251, 2253, 2262, 2263, 2265, 2269, 2270, 2271, 2272, 2278, 2283, 2288, 2290, 2297, 2302, 2308, 2309, 2310, 2314, 2315, 2318, 2322, 2338, 2341, 2343, 2347, 2348, 2355, 2359, 2370, 2375, 2381, 2384, 2386, 2387, 2390, 2392, 2393, 2395, 2397, 2402, 2408, 2411, 2412, 2416, 2417, 2418, 2419, 2423, 2430, 2431, 2432, 2434, 2436, 2443, 2449, 2454, 2458, 2463, 2465, 2468, 2483, 2484, 2491, 2493, 2495, 2508, 2513, 2514, 2517, 2518, 2521, 2530, 2531, 2534, 2535, 2536, 2537, 2542, 2543, 2545, 2548, 2559, 2561, 2563, 2566, 2567, 2570, 2571, 2582, 2586, 2587, 2591, 2595, 2596, 2597, 2598, 2601, 2603, 2604, 2607, 2612, 2613, 2616, 2617, 2618, 2639, 2646, 2647, 2650, 2652, 2656, 2658, 2659, 2660, 2662, 2668, 2672, 2673, 2674, 2676, 2677, 2686, 2693, 2694, 2695, 2701, 2703, 2711, 2714, 2715, 2717, 2719, 2724, 2725, 2728, 2733, 2739, 2743, 2753, 2759, 2760, 2761, 2763, 2766, 2773, 2779, 2780, 2784, 2786, 2787, 2788, 2790, 2791, 2794, 2796, 2805, 2806, 2807, 2808, 2809, 2810, 2812, 2814, 2820, 2826, 2830, 2839, 2841, 2842, 2843, 2848, 2850, 2854, 2855, 2857, 2859, 2860, 2861, 2863, 2864, 2871, 2873, 2879, 2880, 2884, 2885, 2887, 2889, 2890, 2891, 2893, 2896, 2898, 2901, 2906, 2920, 2924, 2928, 2930, 2933, 2940, 2944, 2947, 2952, 2955, 2969, 2978, 2981, 2982, 2984, 2985, 2986, 2988, 2989, 2990, 2994, 2995, 2996, 2997, 3003, 3008, 3017, 3029, 3030, 3035, 3038, 3039, 3041, 3046, 3048, 3064, 3066, 3069, 3073, 3074, 3079, 3086, 3089, 3096, 3098, 3104, 3105, 3107, 3108, 3109, 3114, 3118, 3121, 3124, 3130, 3131, 3134, 3136, 3138, 3143, 3146, 3149, 3150, 3151, 3154, 3160, 3164, 3165, 3167, 3176, 3177, 3182, 3185, 3187, 3190, 3195, 3199, 3200, 3205, 3209, 3210, 3211, 3214, 3215, 3216, 3224, 3226, 3229, 3230, 3232, 3235, 3236, 3237, 3240, 3242, 3246, 3248, 3251, 3253, 3261, 3262, 3266, 3270, 3272, 3274, 3275, 3281, 3287, 3288, 3289, 3290, 3291, 3295, 3297, 3304, 3305, 3306, 3307, 3309, 3310, 3321, 3322, 3328, 3332, 3333, 3334, 3335, 3338, 3341, 3343, 3347, 3350, 3351, 3358, 3367, 3369, 3373, 3376, 3379, 3381, 3385, 3393, 3397, 3398, 3399, 3402, 3409, 3410, 3412, 3418, 3419, 3424, 3425, 3431, 3434, 3444, 3447, 3450, 3452, 3457, 3458, 3459, 3463, 3465, 3468, 3469, 3471, 3472, 3473, 3480, 3482, 3486, 3487, 3488, 3489, 3492, 3493, 3496, 3498, 3501, 3502, 3503, 3504, 3505, 3509, 3514, 3517, 3520, 3521, 3522, 3523, 3528, 3529, 3533, 3542, 3544, 3557, 3558, 3561, 3571, 3578, 3582, 3584, 3585, 3587, 3593, 3594, 3595, 3596, 3597, 3605, 3607, 3613, 3615, 3616, 3617, 3620, 3623, 3624, 3630, 3631, 3632, 3644, 3649, 3652, 3666, 3667, 3670, 3672, 3677, 3679, 3680, 3683, 3684, 3686, 3687, 3688, 3691, 3693, 3694, 3695, 3696, 3698, 3699, 3702, 3705, 3708, 3710, 3711, 3713, 3714, 3716, 3719, 3722, 3726, 3729, 3731, 3738, 3739, 3740, 3741, 3749, 3750, 3754, 3755, 3756, 3759, 3760, 3762, 3765, 3769, 3770, 3771, 3773, 3775, 3776, 3780, 3781, 3782, 3783, 3784, 3800, 3804, 3806, 3812, 3815, 3816, 3824, 3826, 3833, 3836, 3839, 3842, 3850, 3853, 3857, 3859, 3862, 3865, 3868, 3869, 3870, 3874, 3875, 3877, 3884, 3887, 3893, 3895, 3897, 3899, 3903, 3908, 3911, 3912, 3913, 3915, 3921, 3922, 3926, 3932, 3933, 3941, 3943, 3950, 3953, 3956, 3961, 3964, 3965, 3967, 3968, 3971, 3978, 3982, 3983, 3985, 3987, 4001, 4012, 4014, 4015, 4024, 4027, 4028, 4029, 4031, 4032, 4040, 4041, 4047, 4048, 4055, 4058, 4059, 4061, 4063, 4066, 4067, 4069, 4071, 4072, 4073, 4076, 4077, 4078, 4079, 4081, 4083, 4088, 4089, 4091, 4096, 4097, 4107, 4111, 4113, 4115, 4116, 4120, 4126, 4137, 4140, 4142, 4145, 4146, 4147, 4150, 4152, 4153, 4157, 4158, 4159, 4160, 4163, 4167, 4173, 4175, 4176, 4177, 4178, 4187, 4193, 4201, 4203, 4211, 4212, 4216, 4219, 4223, 4224, 4225, 4229, 4230, 4231, 4234, 4235, 4239, 4247, 4251, 4254, 4257, 4258, 4260, 4263, 4264, 4271, 4275, 4280, 4282, 4284, 4285, 4286, 4287, 4293, 4296, 4298, 4302, 4304, 4305, 4308, 4314, 4321, 4324, 4327, 4328, 4329, 4331, 4334, 4336, 4341, 4344, 4348, 4349, 4350, 4352, 4356, 4357, 4358, 4359, 4360, 4363, 4365, 4366, 4369, 4371, 4374, 4378, 4379, 4381, 4383, 4384, 4385, 4386, 4388, 4390, 4392, 4394, 4397, 4404, 4408, 4411, 4413, 4416, 4425, 4429, 4441, 4446, 4447, 4448, 4450, 4456, 4457, 4458, 4462, 4464, 4465, 4467, 4472, 4476, 4477, 4478, 4481, 4492, 4500, 4503, 4504, 4508, 4515, 4516, 4517, 4519, 4521, 4528, 4529, 4530, 4531, 4534, 4536, 4537, 4538, 4541, 4542, 4548, 4549, 4552, 4555, 4556, 4557, 4558, 4561, 4563, 4570, 4573, 4576, 4577, 4578, 4584, 4587, 4593, 4595, 4596, 4597, 4605, 4611, 4612, 4617, 4618, 4626, 4631, 4635, 4639, 4642, 4645, 4649, 4650, 4652, 4654, 4658, 4660, 4664, 4669, 4670, 4673, 4678, 4680, 4681, 4687, 4688, 4694, 4698, 4699, 4700, 4703, 4705, 4709, 4713, 4718, 4720, 4723, 4725, 4726, 4728, 4729, 4731, 4734, 4737, 4739, 4743, 4745, 4746, 4747, 4749, 4750, 4752, 4753, 4760, 4763, 4769, 4772, 4774, 4776, 4779, 4781, 4783, 4790, 4792, 4794, 4797, 4799, 4804, 4806, 4807, 4808, 4811, 4813, 4814, 4820, 4826, 4829, 4840, 4841, 4847, 4849, 4856, 4864, 4866, 4868, 4873, 4874, 4877, 4878, 4881, 4883, 4884, 4892, 4894, 4897, 4900, 4907, 4911, 4912, 4913, 4919, 4922, 4923, 4926, 4929, 4932, 4935, 4938, 4943, 4944, 4945, 4946, 4947, 4951, 4953, 4954, 4955, 4956, 4963, 4965, 4967, 4968, 4972, 4974, 4976, 4977, 4982, 4983, 4985, 4997, 4998, 4999]
Packed_weights: [9621, 10895, 7936, 7914, 9416, 10590, 10696, 10169, 9168, 8136, 8371, 9305, 8941, 9197, 9395, 8535, 10947, 9381, 9356, 7883, 9407, 9307, 10610, 9650, 10429, 10435, 10120, 10023, 8707, 9255, 8014, 10439, 10093, 10121, 10381, 9027, 10627, 8425, 7868, 7915, 8358, 10202, 7891, 9179, 8957, 9578, 10254, 10419, 9876, 9263, 8969, 9905, 8890, 7888, 9780, 9021, 9369, 10431, 9026, 8105, 9755, 8582, 10427, 8976, 10437, 9902, 10628, 8679, 9328, 10441, 9838, 8296, 8966, 8761, 7925, 10271, 10257, 10833, 10188, 9123, 7961, 7962, 8626, 8136, 10625, 8319, 10068, 10875, 10544, 10792, 8784, 9408, 8064, 9750, 10179, 10088, 10235, 10031, 10140, 10540, 8847, 10881, 10518, 8544, 8749, 8058, 9330, 9594, 7906, 10601, 9767, 10278, 10713, 7946, 10315, 8489, 9811, 9240, 10329, 10649, 9533, 9123, 10403, 9434, 7884, 9343, 8520, 8945, 10847, 8477, 9116, 9446, 9121, 8414, 8450, 8807, 7951, 7864, 9360, 10284, 10769, 9106, 9285, 8173, 7983, 8497, 8903, 9057, 8388, 8409, 8172, 10090, 9258, 10700, 8361, 9996, 10355, 9155, 10613, 9758, 9797, 8172, 9733, 8520, 7980, 10710, 10880, 9568, 10123, 9412, 8558, 9070, 10075, 8072, 9455, 9174, 10922, 7884, 8948, 9114, 10044, 9239, 8226, 9884, 9254, 9449, 10802, 8850, 8457, 8304, 9668, 10972, 7875, 10997, 8633, 10589, 8566, 9717, 10960, 9080, 9549, 10026, 8196, 9610, 10609, 10806, 8808, 7935, 8682, 9795, 7896, 8701, 9428, 8941, 8076, 10354, 9718, 10979, 8514, 8193, 8036, 10348, 10283, 10986, 10087, 9636, 8750, 8943, 10024, 10796, 8045, 8233, 10658, 8416, 9597, 10317, 7896, 9889, 8403, 10090, 8301, 9333, 9610, 9551, 8320, 10717, 10102, 10466, 9038, 10034, 10890, 9790, 8513, 10208, 9953, 9904, 10773, 10198, 7912, 10383, 8542, 8703, 9554, 10419, 9767, 10750, 7958, 8888, 9275, 10171, 10016, 9008, 10178, 10527, 10180, 9650, 10066, 8185, 8517, 9367, 11000, 9569, 8533, 8679, 10778, 8767, 9629, 10575, 7861, 10313, 9113, 8934, 9018, 9567, 10269, 10299, 8543, 10991, 8485, 10695, 10589, 8112, 9454, 10843, 10164, 8413, 8400, 10753, 9211, 10137, 9332, 10485, 10950, 8761, 8956, 9658, 8640, 8422, 8771, 10369, 10459, 9456, 8821, 9653, 8083, 9036, 9366, 9346, 9665, 9362, 9893, 10322, 9534, 8479, 10284, 8704, 8170, 10970, 10920, 8745, 9388, 10530, 9068, 10256, 10004, 11000, 9134, 8366, 9909, 10970, 9518, 10733, 9925, 9733, 8298, 8879, 10372, 8104, 10440, 8316, 10801, 9581, 10129, 8343, 9673, 7964, 10587, 8481, 8167, 10792, 10745, 9119, 9659, 8630, 8043, 10070, 8826, 10369, 9350, 10564, 9540, 9609, 7979, 10451, 9556, 8800, 9677, 10241, 10467, 9396, 9016, 8747, 9067, 8921, 9265, 8051, 9481, 10824, 9978, 8188, 9083, 8324, 10995, 8329, 7978, 8748, 8676, 10118, 9313, 9501, 10448, 8353, 9380, 10921, 8049, 10488, 10278, 9585, 10279, 10341, 8572, 9731, 10068, 8788, 9900, 10868, 8704, 9068, 9030, 8694, 8216, 10579, 9989, 8733, 10127, 10369, 9953, 10728, 9713, 7965, 9529, 10675, 9884, 8312, 10656, 8707, 9960, 8000, 9167, 9356, 8945, 10035, 10737, 7863, 9805, 9136, 10562, 10280, 8667, 8948, 9762, 9333, 10807, 10764, 9557, 10220, 8928, 10445, 10445, 10836, 8655, 8511, 8263, 8183, 10843, 9550, 8427, 10347, 9916, 10656, 10990, 8136, 10669, 9087, 9338, 7925, 8244, 10436, 10868, 9964, 9926, 8458, 10413, 10768, 10215, 9426, 8678, 8840, 8254, 10091, 10071, 9929, 7920, 9945, 9372, 9155, 9663, 8274, 9204, 10576, 9202, 8246, 8731, 9302, 10707, 8451, 8036, 8398, 9054, 9414, 8943, 9428, 10760, 10205, 8665, 9736, 10682, 9987, 10484, 10982, 8170, 10285, 10512, 9448, 10473, 10389, 10224, 10575, 9041, 8241, 10539, 8099, 8051, 10014, 8710, 8879, 8781, 9381, 9144, 8797, 10414, 9505, 8962, 10027, 8052, 10816, 8742, 9510, 7875, 10748, 9452, 10904, 9581, 8329, 8477, 8834, 10858, 9544, 10021, 10554, 9146, 9457, 10964, 9875, 9511, 10189, 8164, 8571, 9304, 8666, 10770, 8642, 8320, 9193, 9329, 9408, 8848, 10638, 10660, 8006, 9924, 8480, 8429, 9614, 8474, 10499, 8685, 10922, 9053, 10490, 7888, 8084, 10076, 10794, 10871, 8213, 10654, 8983, 8062, 8972, 10228, 10747, 8635, 10972, 8238, 8807, 7989, 8928, 10232, 10045, 9636, 8010, 9100, 9048, 10983, 7897, 8786, 10600, 10524, 10406, 8634, 10795, 8283, 8101, 8705, 8565, 10643, 10332, 8892, 10625, 8143, 9645, 9875, 10669, 7887, 10085, 9776, 7940, 8725, 9663, 9842, 8029, 8413, 10208, 8386, 10238, 10249, 10356, 10523, 10250, 10368, 9573, 10696, 10784, 8891, 8813, 9716, 10137, 9495, 9292, 8426, 10531, 10459, 9472, 9870, 9880, 10832, 10913, 8294, 10117, 8288, 9233, 10790, 8696, 9355, 9755, 9930, 9899, 8562, 9451, 8585, 9476, 9630, 8912, 10135, 9701, 10647, 8689, 10486, 10302, 8754, 9913, 9965, 9895, 8312, 10113, 9502, 9126, 9091, 9634, 8096, 9121, 9854, 8478, 9837, 9645, 10101, 8156, 8065, 9537, 8983, 10006, 9012, 9077, 10579, 10127, 9458, 8175, 9834, 9016, 8103, 8772, 9316, 10936, 8296, 10029, 9845, 9557, 8217, 10558, 9816, 9137, 7854, 8898, 10667, 10769, 8984, 8994, 9504, 10917, 10635, 8247, 8032, 8122, 9644, 8774, 8206, 9992, 9406, 9034, 10589, 8890, 10228, 10097, 8325, 7963, 8870, 8746, 9655, 8873, 9820, 10393, 7998, 8851, 8731, 8441, 8227, 10792, 8934, 8760, 9963, 9529, 9420, 8191, 9418, 8766, 8085, 10801, 8785, 9045, 7916, 8473, 8890, 9376, 10712, 9056, 10123, 9717, 8682, 9380, 8130, 8672, 8231, 9932, 10163, 9283, 10276, 9925, 8516, 8240, 8128, 8757, 10104, 9956, 8841, 9364, 8327, 8541, 10607, 8406, 9061, 9771, 10311, 9527, 9751, 9895, 7924, 8085, 8628, 10274, 8424, 8280, 9007, 9865, 8126, 8446, 8929, 8144, 10425, 10404, 10995, 10095, 8610, 8055, 7982, 8891, 10256, 8154, 9391, 10641, 10024, 8562, 8701, 10986, 10271, 10366, 8342, 9470, 8002, 8217, 10310, 10798, 9760, 8519, 10483, 9702, 10561, 10137, 8610, 8533, 10465, 10809, 8183, 9626, 10982, 9343, 10918, 10263, 10175, 7906, 10571, 7851, 8443, 8763, 8090, 9817, 10277, 8952, 9377, 9133, 10901, 10110, 10518, 9667, 9303, 10263, 10111, 10733, 10870, 10301, 10327, 7963, 8564, 9607, 9091, 8991, 7925, 9957, 9828, 10147, 8058, 10931, 9624, 8967, 8820, 9522, 10846, 8734, 9772, 8951, 10518, 10305, 7965, 9155, 9170, 10619, 9802, 8273, 9591, 9320, 10684, 8893, 9524, 9597, 8365, 10228, 10477, 10017, 10077, 10042, 8444, 8442, 8930, 8392, 9009, 8059, 9692, 9445, 7919, 10015, 8782, 9827, 10853, 10046, 10940, 8273, 10492, 9899, 10674, 10784, 7888, 10304, 9393, 9747, 9412, 10487, 10995, 9638, 7858, 9911, 8103, 10877, 10418, 9141, 9679, 9040, 8581, 9694, 8504, 9581, 9903, 8001, 8750, 10706, 8773, 10165, 8956, 9974, 8493, 8536, 8648, 9689, 9111, 9396, 8607, 8995, 10020, 9040, 9169, 8999, 10335, 8955, 10607, 8713, 8814, 10973, 8391, 8556, 10764, 8918, 9050, 10112, 8811, 9548, 7993, 8048, 7967, 10028, 9571, 8010, 7861, 8664, 8327, 8685, 8928, 9092, 9162, 8379, 9840, 10751, 10701, 9889, 8445, 9091, 9934, 10078, 8286, 9436, 8223, 9208, 10459, 7957, 8939, 9857, 8682, 8626, 8190, 10200, 9711, 10875, 9813, 8549, 8271, 8075, 10286, 10870, 10349, 10166, 9458, 7918, 8359, 10930, 8984, 8724, 8331, 8115, 9022, 10141, 8905, 8959, 8534, 8621, 9452, 8502, 8609, 10937, 8309, 9331, 8606, 8477, 8916, 10294, 8135, 9522, 8542, 7931, 8698, 9248, 8261, 8896, 10367, 10233, 9014, 10031, 10979, 10706, 7967, 7910, 8049, 9635, 8438, 10207, 10163, 9659, 10806, 9112, 9070, 8168, 9914, 10846, 8249, 8842, 9781, 10004, 9561, 10650, 10759, 9637, 10448, 8223, 9088, 10485, 8937, 9116, 8191, 10894, 10234, 8667, 8918, 10662, 9890, 8005, 8312, 10620, 10318, 10638, 7867, 10465, 10892, 9817, 10818, 7999, 8155, 8721, 9761, 8872, 10837, 7956, 10075, 9023, 8491, 9191, 10115, 8807, 9655, 10810, 8287, 10866, 8507, 8704, 8180, 8174, 8649, 11000, 9097, 9031, 8622, 8269, 9739, 8240, 8395, 10943, 8874, 9336, 10959, 9683, 10221, 10751, 9383, 8207, 10588, 8143, 8687, 10259, 8432, 8283, 8537, 10041, 9922, 9818, 9630, 9782, 8399, 8783, 10072, 10425, 9218, 10070, 9583, 9500, 9459, 9312, 10864, 9495, 10774, 8214, 8812, 8618, 10702, 10274, 9418, 10972, 9112, 8109, 9068, 10541, 8532, 8628, 10986, 8274, 9255, 10886, 9880, 8013, 9996, 9882, 9631, 10426, 9047, 8713, 10938, 8628, 9587, 10779, 9083, 9941, 10451, 8708, 10179, 10913, 10356, 8327, 9763, 8097, 10860, 8703, 10308, 8430, 8240, 8215, 10542, 8888, 9074, 10899, 10728, 8096, 8800, 10567, 8047, 10082, 10364, 9604, 8348, 10834, 7992, 10215, 10626, 9533, 10365, 8390, 9765, 9844, 10226, 10777, 8971, 10893, 8543, 8621, 8246, 10667, 10624, 10353, 7948, 7968, 8818, 10048, 9357, 9793, 10779, 9482, 9764, 10593, 10192, 8733, 9661, 10853, 8280, 7906, 10887, 8730, 9905, 10891, 8451, 9841, 9566, 7906, 8068, 9294, 8806, 9623, 8158, 10948, 8363, 7939, 9408, 8217, 10421, 9284, 9039, 8846, 8488, 10536, 9077, 7970, 8613, 10855, 9232, 9674, 9477, 9230, 9286, 8748, 8458, 9996, 8749, 8528, 7904, 10646, 9562, 7918, 8948, 9633, 8818, 9180, 9569, 8073, 9371, 8787, 8477, 8572, 8845, 10787, 8190, 9681, 8266, 10319, 9405, 10224, 10424, 10910, 9011, 9945, 8099, 8977, 8424, 7945, 10041, 10754, 9519, 7918, 10022, 8736, 8038, 9477, 8498, 8711, 9394, 8405, 8898, 8581, 10586, 10006, 10475, 9847, 9467, 8971, 8281, 9654, 10857, 9130, 9184, 9242, 9898, 9406, 9219, 9900, 10013, 9171, 8531, 10891, 10239, 10795, 10789, 9697, 9827, 10359, 7884, 8240, 8311, 9924, 9925, 8690, 9671, 10132, 8813, 9196, 9650, 9096, 9806, 8096, 10988, 8611, 9510, 10789, 10501, 10523, 9478, 10019, 8924, 8305, 9731, 10853, 10596, 10676, 10846, 9818, 10283, 9014, 8272, 10585, 9994, 9393, 10406, 9879, 8472, 10835, 10988, 10709, 10308, 9643, 8835, 10590, 9622, 9662, 8421, 10845, 8995, 10140, 8805, 10648, 9244, 10139, 10995, 9447, 9668, 10433, 8800, 8400, 9033, 8835, 8197, 8313, 8006, 9174, 8421, 8901, 8639, 8364, 9694, 9977, 10375, 9471, 10350, 7932, 8163, 8630, 10439, 8081, 10672, 8685, 9209, 9175, 8303, 8043, 8008, 8039, 10521, 9023, 10795, 10149, 9330, 9660, 10626, 8808, 10794, 8652, 9769, 10555, 9894, 8843, 8083, 8213, 9515, 9355, 8535, 8061, 9541, 9137, 10567, 10140, 9061, 9669, 8117, 8077, 8338, 10153, 8727, 10179, 9934, 8815, 8267, 9342, 8643, 9940, 8560, 9337, 8957, 8767, 8668, 10693, 10499, 8084, 8167, 8165, 10256, 9077, 7870, 7912, 8438, 9701, 9462, 10914, 9814, 8200, 8045, 8087, 8931, 8553, 9922, 9880, 7989, 8966, 8659, 9866, 8512, 7862, 8395, 10705, 9424]
================================================================================================
D:\kplib\03InverseStronglyCorrelated\n10000\R10000\s058.kp
e - s = 179.7185254096985
e - s <= 170.0: False
Capacity = 29958961
Total value = 26795775
Total weight: 29954775
Packed items: [3, 8, 9, 10, 12, 24, 27, 28, 29, 33, 37, 39, 47, 52, 55, 57, 59, 60, 67, 70, 73, 77, 78, 79, 83, 85, 86, 89, 91, 94, 97, 104, 106, 107, 110, 111, 112, 114, 118, 120, 124, 127, 129, 136, 139, 143, 147, 155, 159, 160, 161, 164, 170, 177, 180, 181, 182, 185, 187, 190, 191, 193, 196, 197, 202, 204, 213, 216, 217, 221, 225, 227, 228, 230, 232, 235, 241, 243, 244, 247, 258, 260, 264, 267, 276, 277, 278, 279, 280, 281, 282, 288, 289, 292, 294, 295, 296, 302, 309, 311, 312, 316, 331, 333, 334, 335, 341, 342, 343, 345, 350, 351, 352, 354, 355, 356, 360, 361, 362, 367, 371, 375, 376, 378, 379, 386, 391, 398, 401, 402, 408, 409, 412, 413, 424, 425, 430, 433, 443, 445, 450, 452, 453, 457, 458, 459, 460, 462, 463, 464, 467, 469, 472, 473, 476, 480, 481, 483, 489, 490, 498, 502, 503, 504, 508, 512, 515, 519, 521, 529, 533, 536, 537, 538, 540, 541, 543, 548, 549, 552, 557, 559, 561, 564, 565, 566, 568, 574, 578, 584, 585, 587, 591, 594, 596, 597, 599, 603, 605, 612, 615, 617, 618, 628, 631, 633, 635, 638, 639, 643, 644, 648, 651, 658, 663, 666, 669, 670, 672, 673, 676, 681, 682, 686, 687, 688, 692, 700, 703, 704, 705, 706, 707, 708, 712, 714, 718, 722, 723, 732, 737, 742, 743, 745, 748, 749, 751, 754, 766, 770, 771, 774, 776, 781, 785, 786, 791, 803, 810, 815, 816, 817, 819, 820, 821, 825, 831, 832, 837, 839, 842, 845, 846, 847, 848, 850, 853, 855, 856, 857, 859, 860, 861, 862, 863, 866, 868, 869, 870, 871, 874, 880, 882, 886, 888, 890, 892, 894, 895, 896, 898, 901, 903, 905, 909, 919, 922, 932, 935, 939, 942, 943, 952, 956, 958, 959, 961, 962, 972, 975, 980, 981, 982, 985, 987, 994, 995, 997, 1000, 1002, 1009, 1011, 1015, 1017, 1018, 1019, 1022, 1026, 1027, 1034, 1038, 1046, 1047, 1051, 1058, 1060, 1061, 1071, 1078, 1084, 1085, 1087, 1089, 1093, 1098, 1101, 1104, 1106, 1113, 1119, 1120, 1128, 1134, 1140, 1146, 1148, 1164, 1169, 1175, 1177, 1186, 1197, 1199, 1203, 1206, 1210, 1214, 1216, 1221, 1222, 1225, 1227, 1228, 1229, 1231, 1232, 1238, 1246, 1249, 1253, 1257, 1261, 1270, 1272, 1274, 1276, 1279, 1280, 1281, 1284, 1285, 1297, 1299, 1303, 1304, 1309, 1312, 1319, 1320, 1321, 1325, 1326, 1327, 1330, 1331, 1334, 1337, 1338, 1343, 1346, 1353, 1359, 1362, 1365, 1369, 1377, 1380, 1381, 1384, 1388, 1389, 1390, 1394, 1398, 1399, 1401, 1402, 1405, 1406, 1411, 1412, 1415, 1422, 1424, 1425, 1426, 1431, 1432, 1433, 1434, 1440, 1446, 1447, 1449, 1452, 1455, 1460, 1461, 1462, 1465, 1466, 1474, 1478, 1481, 1484, 1485, 1491, 1492, 1495, 1501, 1502, 1503, 1504, 1506, 1511, 1512, 1526, 1527, 1528, 1529, 1530, 1531, 1532, 1538, 1540, 1541, 1543, 1545, 1546, 1547, 1548, 1550, 1551, 1554, 1557, 1561, 1563, 1566, 1573, 1577, 1580, 1581, 1582, 1588, 1592, 1596, 1599, 1600, 1601, 1603, 1607, 1611, 1613, 1614, 1619, 1620, 1621, 1622, 1623, 1627, 1629, 1632, 1633, 1635, 1637, 1638, 1639, 1640, 1641, 1642, 1644, 1646, 1648, 1655, 1658, 1662, 1673, 1674, 1675, 1677, 1678, 1680, 1681, 1682, 1683, 1684, 1685, 1686, 1687, 1688, 1692, 1694, 1696, 1699, 1705, 1708, 1715, 1719, 1720, 1725, 1726, 1733, 1740, 1741, 1742, 1743, 1745, 1746, 1748, 1750, 1751, 1752, 1753, 1758, 1759, 1761, 1762, 1763, 1764, 1769, 1784, 1785, 1788, 1790, 1792, 1800, 1804, 1806, 1807, 1812, 1813, 1814, 1816, 1817, 1821, 1823, 1830, 1832, 1835, 1836, 1837, 1843, 1848, 1851, 1852, 1855, 1858, 1862, 1867, 1870, 1871, 1877, 1890, 1891, 1894, 1899, 1901, 1904, 1905, 1908, 1916, 1919, 1933, 1934, 1935, 1938, 1943, 1945, 1946, 1947, 1948, 1952, 1954, 1962, 1965, 1967, 1968, 1973, 1976, 1980, 1982, 1984, 1985, 1988, 1991, 1995, 1996, 1998, 1999, 2002, 2004, 2007, 2010, 2014, 2016, 2018, 2020, 2023, 2027, 2030, 2031, 2032, 2036, 2037, 2038, 2044, 2047, 2055, 2058, 2059, 2063, 2065, 2066, 2067, 2079, 2085, 2086, 2095, 2097, 2102, 2104, 2107, 2117, 2118, 2120, 2121, 2129, 2132, 2138, 2139, 2143, 2145, 2146, 2147, 2153, 2157, 2167, 2168, 2172, 2175, 2178, 2182, 2183, 2187, 2191, 2196, 2199, 2200, 2202, 2204, 2216, 2217, 2222, 2223, 2230, 2231, 2235, 2237, 2242, 2246, 2247, 2249, 2250, 2252, 2258, 2262, 2263, 2269, 2271, 2277, 2279, 2281, 2283, 2285, 2294, 2295, 2301, 2302, 2307, 2312, 2313, 2319, 2329, 2332, 2346, 2348, 2354, 2355, 2362, 2364, 2371, 2373, 2376, 2378, 2380, 2387, 2388, 2394, 2396, 2398, 2402, 2406, 2409, 2410, 2411, 2412, 2417, 2423, 2434, 2438, 2439, 2446, 2448, 2450, 2456, 2461, 2462, 2464, 2465, 2468, 2473, 2474, 2488, 2491, 2495, 2498, 2507, 2510, 2511, 2514, 2520, 2521, 2532, 2536, 2539, 2543, 2545, 2546, 2552, 2553, 2555, 2556, 2557, 2558, 2561, 2562, 2567, 2572, 2575, 2577, 2578, 2579, 2581, 2583, 2584, 2586, 2593, 2595, 2597, 2604, 2605, 2607, 2608, 2610, 2614, 2617, 2620, 2622, 2623, 2634, 2641, 2644, 2648, 2652, 2660, 2663, 2664, 2665, 2668, 2673, 2677, 2680, 2681, 2683, 2687, 2688, 2689, 2692, 2696, 2709, 2712, 2713, 2718, 2722, 2724, 2725, 2728, 2731, 2736, 2737, 2740, 2748, 2751, 2754, 2770, 2771, 2773, 2777, 2778, 2787, 2792, 2793, 2800, 2803, 2804, 2805, 2806, 2808, 2816, 2817, 2820, 2823, 2829, 2834, 2838, 2841, 2844, 2845, 2846, 2858, 2859, 2860, 2861, 2863, 2874, 2879, 2881, 2883, 2885, 2887, 2897, 2898, 2911, 2912, 2913, 2917, 2921, 2923, 2925, 2926, 2928, 2930, 2932, 2933, 2934, 2939, 2941, 2946, 2954, 2957, 2961, 2962, 2963, 2972, 2974, 2975, 2977, 2978, 2981, 2982, 2986, 2987, 2988, 2989, 2990, 2996, 3000, 3004, 3010, 3013, 3014, 3015, 3016, 3024, 3025, 3027, 3032, 3035, 3038, 3039, 3046, 3048, 3050, 3052, 3058, 3061, 3064, 3068, 3069, 3074, 3075, 3077, 3079, 3081, 3087, 3090, 3095, 3098, 3099, 3100, 3101, 3102, 3104, 3106, 3107, 3113, 3115, 3118, 3119, 3120, 3123, 3127, 3135, 3142, 3144, 3149, 3150, 3152, 3157, 3158, 3162, 3167, 3172, 3174, 3178, 3184, 3191, 3192, 3196, 3198, 3199, 3204, 3205, 3213, 3215, 3221, 3223, 3228, 3230, 3231, 3232, 3235, 3236, 3238, 3239, 3240, 3242, 3244, 3249, 3251, 3252, 3258, 3269, 3274, 3276, 3278, 3280, 3281, 3287, 3289, 3290, 3291, 3292, 3296, 3306, 3311, 3313, 3315, 3320, 3321, 3324, 3327, 3330, 3333, 3345, 3349, 3350, 3353, 3359, 3361, 3364, 3367, 3370, 3374, 3378, 3379, 3380, 3382, 3385, 3391, 3393, 3394, 3396, 3398, 3400, 3404, 3407, 3411, 3418, 3430, 3431, 3433, 3440, 3441, 3446, 3447, 3449, 3452, 3453, 3458, 3462, 3465, 3467, 3470, 3475, 3477, 3487, 3490, 3501, 3508, 3510, 3511, 3513, 3514, 3515, 3516, 3519, 3520, 3527, 3530, 3531, 3534, 3536, 3537, 3538, 3539, 3540, 3542, 3545, 3547, 3552, 3556, 3557, 3558, 3561, 3566, 3573, 3583, 3584, 3588, 3589, 3592, 3595, 3597, 3605, 3611, 3617, 3622, 3624, 3626, 3630, 3631, 3637, 3639, 3644, 3645, 3647, 3651, 3654, 3658, 3666, 3667, 3669, 3673, 3677, 3686, 3694, 3696, 3700, 3703, 3704, 3705, 3708, 3711, 3712, 3713, 3719, 3724, 3725, 3729, 3730, 3731, 3733, 3735, 3740, 3742, 3744, 3746, 3747, 3748, 3755, 3756, 3760, 3764, 3770, 3772, 3781, 3782, 3785, 3788, 3793, 3794, 3797, 3799, 3800, 3802, 3808, 3810, 3811, 3817, 3818, 3826, 3827, 3828, 3834, 3836, 3837, 3838, 3840, 3841, 3844, 3847, 3848, 3852, 3854, 3862, 3864, 3874, 3877, 3881, 3882, 3886, 3887, 3888, 3891, 3893, 3895, 3896, 3899, 3901, 3904, 3908, 3912, 3930, 3933, 3934, 3936, 3939, 3941, 3945, 3946, 3950, 3951, 3952, 3955, 3960, 3965, 3966, 3968, 3969, 3980, 3982, 3983, 3985, 3988, 3989, 3990, 3993, 3995, 3996, 4006, 4013, 4018, 4019, 4022, 4024, 4027, 4033, 4035, 4040, 4042, 4044, 4045, 4048, 4050, 4053, 4060, 4063, 4064, 4077, 4080, 4085, 4100, 4102, 4103, 4106, 4108, 4109, 4110, 4115, 4116, 4121, 4126, 4127, 4129, 4130, 4131, 4136, 4140, 4145, 4146, 4147, 4150, 4151, 4152, 4154, 4156, 4157, 4164, 4165, 4175, 4178, 4186, 4193, 4194, 4201, 4208, 4210, 4211, 4215, 4221, 4223, 4224, 4230, 4233, 4234, 4235, 4236, 4237, 4241, 4244, 4246, 4248, 4249, 4252, 4255, 4260, 4265, 4268, 4269, 4273, 4278, 4280, 4282, 4283, 4285, 4288, 4299, 4300, 4304, 4306, 4307, 4310, 4314, 4320, 4321, 4322, 4331, 4332, 4337, 4340, 4343, 4346, 4347, 4348, 4350, 4352, 4355, 4357, 4361, 4366, 4368, 4369, 4376, 4379, 4383, 4388, 4391, 4393, 4394, 4395, 4403, 4404, 4405, 4408, 4410, 4413, 4420, 4422, 4423, 4428, 4429, 4434, 4435, 4436, 4437, 4441, 4444, 4447, 4449, 4454, 4463, 4465, 4466, 4469, 4470, 4473, 4482, 4490, 4491, 4493, 4497, 4501, 4502, 4505, 4506, 4508, 4509, 4510, 4515, 4516, 4521, 4523, 4526, 4534, 4536, 4539, 4542, 4547, 4548, 4554, 4557, 4558, 4559, 4560, 4561, 4563, 4564, 4566, 4568, 4571, 4584, 4588, 4591, 4598, 4600, 4602, 4604, 4607, 4608, 4612, 4613, 4615, 4618, 4619, 4620, 4621, 4623, 4628, 4629, 4633, 4641, 4642, 4643, 4645, 4646, 4651, 4652, 4659, 4660, 4664, 4678, 4679, 4682, 4683, 4690, 4691, 4694, 4696, 4700, 4701, 4703, 4705, 4709, 4711, 4713, 4714, 4715, 4716, 4722, 4725, 4735, 4739, 4745, 4750, 4753, 4756, 4768, 4770, 4778, 4781, 4785, 4787, 4788, 4790, 4791, 4792, 4799, 4801, 4804, 4806, 4810, 4812, 4815, 4816, 4824, 4827, 4828, 4829, 4832, 4838, 4839, 4845, 4847, 4849, 4850, 4853, 4854, 4856, 4857, 4858, 4860, 4864, 4869, 4873, 4878, 4881, 4887, 4889, 4891, 4893, 4894, 4895, 4897, 4901, 4902, 4909, 4911, 4915, 4917, 4918, 4919, 4922, 4924, 4927, 4928, 4931, 4935, 4936, 4939, 4940, 4942, 4948, 4957, 4959, 4960, 4961, 4962, 4967, 4968, 4969, 4970, 4972, 4978, 4982, 4989, 4992, 4997, 5000, 5005, 5010, 5013, 5014, 5015, 5017, 5018, 5021, 5024, 5029, 5030, 5031, 5037, 5039, 5041, 5045, 5047, 5048, 5051, 5052, 5053, 5054, 5059, 5060, 5067, 5069, 5070, 5071, 5073, 5076, 5077, 5079, 5080, 5086, 5087, 5088, 5090, 5097, 5101, 5107, 5113, 5114, 5124, 5129, 5131, 5132, 5142, 5148, 5152, 5156, 5159, 5161, 5162, 5167, 5177, 5186, 5188, 5189, 5196, 5197, 5202, 5203, 5204, 5205, 5207, 5208, 5213, 5215, 5216, 5217, 5218, 5219, 5221, 5224, 5225, 5227, 5231, 5236, 5239, 5242, 5247, 5249, 5254, 5259, 5261, 5263, 5266, 5270, 5272, 5273, 5275, 5280, 5282, 5285, 5288, 5291, 5295, 5297, 5300, 5305, 5306, 5311, 5312, 5314, 5315, 5317, 5318, 5320, 5322, 5323, 5325, 5326, 5328, 5329, 5333, 5335, 5339, 5341, 5344, 5351, 5358, 5362, 5367, 5373, 5385, 5389, 5395, 5396, 5398, 5408, 5412, 5414, 5418, 5419, 5420, 5421, 5423, 5429, 5431, 5435, 5441, 5443, 5445, 5454, 5458, 5462, 5466, 5469, 5470, 5475, 5479, 5481, 5483, 5485, 5498, 5502, 5504, 5516, 5518, 5519, 5520, 5521, 5522, 5523, 5524, 5526, 5529, 5532, 5537, 5538, 5544, 5545, 5549, 5551, 5553, 5555, 5556, 5557, 5559, 5564, 5567, 5572, 5579, 5582, 5586, 5587, 5588, 5591, 5595, 5597, 5603, 5612, 5613, 5614, 5618, 5623, 5630, 5635, 5643, 5647, 5655, 5661, 5667, 5671, 5673, 5676, 5677, 5680, 5681, 5682, 5683, 5686, 5687, 5689, 5693, 5700, 5704, 5705, 5708, 5709, 5712, 5715, 5717, 5718, 5721, 5723, 5739, 5744, 5753, 5755, 5757, 5758, 5762, 5766, 5773, 5775, 5778, 5782, 5784, 5785, 5789, 5793, 5796, 5800, 5801, 5810, 5813, 5815, 5818, 5819, 5820, 5821, 5824, 5826, 5828, 5830, 5831, 5833, 5842, 5843, 5854, 5857, 5858, 5860, 5864, 5867, 5869, 5873, 5876, 5877, 5880, 5882, 5887, 5890, 5892, 5893, 5897, 5898, 5899, 5902, 5903, 5918, 5921, 5922, 5926, 5927, 5931, 5944, 5948, 5950, 5951, 5953, 5956, 5958, 5959, 5960, 5963, 5966, 5972, 5978, 5979, 5980, 5985, 5991, 5993, 6002, 6006, 6010, 6013, 6018, 6020, 6024, 6025, 6028, 6029, 6033, 6039, 6040, 6042, 6044, 6046, 6047, 6051, 6053, 6054, 6059, 6065, 6068, 6080, 6082, 6087, 6089, 6090, 6091, 6093, 6095, 6103, 6104, 6107, 6110, 6111, 6114, 6128, 6129, 6133, 6135, 6136, 6137, 6138, 6140, 6143, 6154, 6157, 6161, 6162, 6166, 6169, 6170, 6172, 6174, 6183, 6193, 6194, 6195, 6196, 6199, 6200, 6201, 6202, 6209, 6215, 6216, 6217, 6218, 6219, 6223, 6224, 6227, 6233, 6236, 6239, 6246, 6249, 6250, 6254, 6255, 6258, 6260, 6262, 6265, 6268, 6270, 6272, 6274, 6275, 6278, 6279, 6280, 6287, 6293, 6299, 6301, 6304, 6309, 6312, 6313, 6314, 6326, 6327, 6336, 6346, 6347, 6349, 6353, 6354, 6361, 6364, 6369, 6370, 6371, 6373, 6376, 6377, 6382, 6383, 6384, 6389, 6392, 6393, 6394, 6398, 6400, 6402, 6406, 6410, 6411, 6412, 6413, 6415, 6416, 6421, 6422, 6427, 6431, 6434, 6443, 6444, 6445, 6447, 6461, 6463, 6467, 6470, 6472, 6482, 6484, 6486, 6491, 6493, 6499, 6500, 6501, 6502, 6505, 6516, 6517, 6522, 6533, 6537, 6539, 6541, 6542, 6547, 6550, 6551, 6553, 6554, 6556, 6560, 6561, 6565, 6569, 6570, 6571, 6574, 6575, 6576, 6580, 6582, 6594, 6596, 6598, 6608, 6612, 6617, 6619, 6622, 6624, 6625, 6626, 6628, 6629, 6632, 6638, 6640, 6641, 6646, 6648, 6651, 6653, 6656, 6662, 6664, 6670, 6675, 6682, 6693, 6695, 6708, 6711, 6712, 6713, 6714, 6717, 6718, 6720, 6724, 6725, 6728, 6729, 6736, 6737, 6741, 6745, 6751, 6755, 6757, 6760, 6761, 6764, 6767, 6769, 6771, 6772, 6773, 6775, 6776, 6779, 6791, 6794, 6795, 6797, 6798, 6801, 6803, 6806, 6809, 6814, 6822, 6830, 6831, 6834, 6836, 6841, 6844, 6846, 6847, 6848, 6849, 6853, 6856, 6861, 6862, 6866, 6877, 6879, 6881, 6887, 6889, 6893, 6894, 6906, 6907, 6915, 6916, 6918, 6920, 6921, 6927, 6929, 6934, 6935, 6936, 6940, 6941, 6946, 6950, 6957, 6965, 6967, 6975, 6982, 6987, 6988, 6990, 6992, 6993, 6994, 6995, 6997, 6999, 7000, 7001, 7002, 7010, 7013, 7014, 7015, 7016, 7017, 7025, 7027, 7028, 7029, 7037, 7038, 7039, 7048, 7049, 7050, 7052, 7056, 7057, 7068, 7072, 7079, 7083, 7087, 7088, 7093, 7095, 7100, 7102, 7105, 7108, 7109, 7110, 7111, 7113, 7120, 7128, 7129, 7130, 7132, 7136, 7138, 7143, 7144, 7145, 7146, 7151, 7152, 7153, 7154, 7156, 7159, 7160, 7162, 7163, 7169, 7171, 7173, 7177, 7181, 7182, 7185, 7186, 7188, 7189, 7192, 7193, 7194, 7199, 7200, 7202, 7203, 7207, 7209, 7217, 7222, 7228, 7230, 7231, 7232, 7233, 7236, 7237, 7238, 7242, 7246, 7251, 7253, 7263, 7267, 7269, 7271, 7277, 7280, 7281, 7289, 7291, 7292, 7294, 7299, 7302, 7304, 7305, 7310, 7314, 7316, 7318, 7320, 7322, 7324, 7325, 7329, 7338, 7344, 7345, 7347, 7352, 7358, 7361, 7365, 7367, 7368, 7374, 7375, 7377, 7380, 7381, 7383, 7385, 7386, 7387, 7393, 7394, 7397, 7401, 7406, 7408, 7409, 7410, 7411, 7420, 7423, 7431, 7435, 7436, 7439, 7441, 7443, 7444, 7449, 7456, 7457, 7461, 7467, 7469, 7470, 7482, 7483, 7494, 7500, 7501, 7504, 7505, 7510, 7512, 7513, 7516, 7517, 7518, 7522, 7525, 7526, 7528, 7529, 7530, 7531, 7534, 7535, 7537, 7538, 7548, 7551, 7552, 7555, 7556, 7557, 7562, 7567, 7568, 7572, 7575, 7580, 7582, 7583, 7584, 7587, 7588, 7591, 7594, 7595, 7597, 7599, 7602, 7605, 7608, 7612, 7617, 7619, 7620, 7622, 7624, 7627, 7630, 7631, 7638, 7639, 7648, 7651, 7654, 7659, 7660, 7663, 7664, 7665, 7667, 7668, 7670, 7672, 7677, 7680, 7685, 7688, 7691, 7692, 7693, 7698, 7699, 7700, 7701, 7704, 7710, 7711, 7716, 7717, 7718, 7719, 7721, 7725, 7730, 7732, 7733, 7734, 7737, 7738, 7740, 7742, 7751, 7753, 7754, 7756, 7758, 7759, 7764, 7767, 7773, 7774, 7777, 7785, 7790, 7793, 7795, 7802, 7804, 7807, 7811, 7812, 7822, 7824, 7826, 7827, 7833, 7835, 7837, 7848, 7849, 7853, 7854, 7857, 7858, 7863, 7871, 7875, 7876, 7877, 7879, 7881, 7883, 7884, 7890, 7897, 7899, 7903, 7912, 7919, 7926, 7929, 7934, 7935, 7938, 7939, 7946, 7947, 7950, 7954, 7955, 7957, 7959, 7961, 7967, 7970, 7972, 7973, 7974, 7979, 7981, 7983, 7985, 7988, 7998, 8003, 8004, 8011, 8012, 8013, 8014, 8016, 8019, 8021, 8023, 8024, 8030, 8035, 8040, 8041, 8045, 8051, 8055, 8056, 8057, 8059, 8063, 8064, 8065, 8066, 8071, 8073, 8084, 8086, 8088, 8089, 8092, 8093, 8094, 8097, 8098, 8099, 8103, 8104, 8105, 8111, 8113, 8114, 8115, 8117, 8121, 8123, 8124, 8129, 8131, 8137, 8142, 8145, 8146, 8150, 8153, 8155, 8156, 8159, 8164, 8172, 8177, 8185, 8187, 8189, 8193, 8201, 8206, 8207, 8209, 8214, 8215, 8222, 8224, 8231, 8244, 8245, 8248, 8251, 8252, 8253, 8259, 8265, 8271, 8276, 8280, 8281, 8282, 8284, 8289, 8292, 8296, 8304, 8306, 8309, 8317, 8324, 8326, 8328, 8330, 8334, 8338, 8340, 8343, 8344, 8346, 8347, 8351, 8356, 8358, 8360, 8362, 8365, 8366, 8367, 8372, 8378, 8379, 8382, 8386, 8388, 8389, 8391, 8392, 8397, 8398, 8399, 8405, 8410, 8414, 8416, 8430, 8433, 8436, 8440, 8441, 8442, 8443, 8445, 8446, 8459, 8461, 8466, 8469, 8471, 8473, 8482, 8485, 8489, 8491, 8492, 8493, 8495, 8497, 8498, 8501, 8505, 8506, 8507, 8511, 8512, 8515, 8516, 8517, 8518, 8519, 8520, 8521, 8522, 8524, 8528, 8529, 8531, 8533, 8545, 8557, 8561, 8562, 8564, 8566, 8568, 8569, 8570, 8571, 8572, 8573, 8577, 8579, 8582, 8589, 8590, 8591, 8597, 8599, 8603, 8604, 8607, 8617, 8622, 8623, 8625, 8626, 8627, 8635, 8636, 8637, 8640, 8641, 8647, 8659, 8661, 8663, 8665, 8666, 8670, 8671, 8682, 8683, 8689, 8691, 8692, 8696, 8697, 8699, 8701, 8702, 8705, 8710, 8712, 8714, 8722, 8723, 8728, 8729, 8733, 8739, 8740, 8741, 8750, 8757, 8758, 8759, 8770, 8771, 8773, 8781, 8783, 8785, 8791, 8797, 8798, 8800, 8802, 8805, 8806, 8807, 8808, 8815, 8816, 8822, 8825, 8829, 8834, 8846, 8853, 8855, 8860, 8861, 8865, 8869, 8871, 8877, 8878, 8879, 8883, 8884, 8887, 8888, 8890, 8892, 8893, 8895, 8899, 8903, 8905, 8911, 8913, 8914, 8916, 8919, 8922, 8924, 8927, 8928, 8933, 8934, 8937, 8938, 8943, 8946, 8949, 8950, 8954, 8959, 8960, 8966, 8967, 8968, 8969, 8970, 8973, 8980, 8984, 8993, 8995, 8996, 8998, 9001, 9002, 9007, 9010, 9011, 9013, 9015, 9016, 9018, 9020, 9024, 9029, 9044, 9047, 9050, 9052, 9053, 9055, 9060, 9063, 9065, 9066, 9068, 9077, 9079, 9081, 9083, 9087, 9091, 9092, 9093, 9094, 9098, 9100, 9101, 9103, 9104, 9106, 9108, 9111, 9112, 9114, 9117, 9119, 9121, 9122, 9124, 9126, 9128, 9129, 9133, 9138, 9141, 9142, 9143, 9145, 9147, 9149, 9154, 9160, 9161, 9164, 9165, 9167, 9169, 9173, 9181, 9184, 9186, 9194, 9198, 9203, 9204, 9215, 9216, 9226, 9228, 9229, 9231, 9236, 9238, 9239, 9240, 9242, 9245, 9247, 9248, 9252, 9259, 9261, 9263, 9265, 9268, 9269, 9270, 9278, 9281, 9293, 9294, 9296, 9297, 9298, 9299, 9305, 9315, 9317, 9320, 9322, 9323, 9324, 9325, 9326, 9329, 9330, 9335, 9337, 9338, 9339, 9340, 9345, 9349, 9350, 9351, 9353, 9355, 9356, 9359, 9360, 9362, 9371, 9374, 9375, 9384, 9386, 9391, 9394, 9396, 9398, 9400, 9404, 9408, 9409, 9410, 9412, 9413, 9414, 9415, 9421, 9423, 9424, 9425, 9430, 9434, 9438, 9443, 9444, 9448, 9453, 9456, 9458, 9459, 9461, 9464, 9465, 9466, 9473, 9480, 9482, 9487, 9490, 9497, 9499, 9501, 9502, 9507, 9508, 9509, 9510, 9512, 9515, 9517, 9521, 9523, 9524, 9528, 9532, 9545, 9547, 9549, 9551, 9556, 9567, 9572, 9574, 9575, 9578, 9582, 9587, 9588, 9589, 9595, 9596, 9597, 9604, 9613, 9621, 9622, 9624, 9629, 9632, 9638, 9639, 9641, 9642, 9647, 9648, 9649, 9651, 9653, 9654, 9658, 9665, 9666, 9669, 9671, 9672, 9678, 9682, 9683, 9688, 9692, 9697, 9700, 9702, 9704, 9705, 9706, 9708, 9710, 9712, 9715, 9722, 9726, 9728, 9731, 9734, 9736, 9739, 9740, 9741, 9743, 9749, 9754, 9755, 9756, 9757, 9760, 9763, 9768, 9771, 9775, 9778, 9781, 9782, 9783, 9785, 9791, 9792, 9794, 9798, 9801, 9802, 9804, 9812, 9815, 9819, 9825, 9828, 9832, 9833, 9835, 9836, 9839, 9843, 9847, 9853, 9860, 9862, 9865, 9866, 9872, 9874, 9877, 9882, 9885, 9886, 9889, 9890, 9895, 9898, 9901, 9907, 9912, 9913, 9914, 9915, 9921, 9926, 9927, 9933, 9934, 9946, 9949, 9953, 9954, 9955, 9957, 9958, 9959, 9967, 9969, 9970, 9975, 9977, 9980, 9986, 9988, 9989, 9993, 9997]
Packed_weights: [10465, 9770, 10668, 9039, 9719, 9682, 8259, 8613, 10135, 8190, 8189, 9298, 10039, 9800, 7949, 8043, 10556, 9819, 10543, 8177, 8034, 9937, 10860, 10808, 9369, 8441, 8602, 10950, 8583, 8717, 9505, 8200, 9072, 9100, 9030, 9220, 8891, 10364, 8144, 7988, 8706, 9503, 9906, 8980, 9371, 9761, 10104, 7955, 10626, 8358, 10945, 10055, 10318, 9535, 10906, 9072, 9188, 10733, 10052, 10236, 8120, 10005, 8554, 9124, 9003, 10046, 10314, 9007, 10019, 10904, 8216, 9627, 8933, 10601, 10949, 10185, 8560, 9978, 10040, 10633, 8414, 9353, 9076, 8442, 9195, 10528, 8356, 10670, 8030, 8061, 8806, 10820, 7957, 9529, 7994, 10640, 8695, 10191, 10731, 7989, 8202, 8837, 9384, 8249, 9674, 8177, 10159, 9734, 10792, 8416, 10419, 9592, 8193, 10484, 9507, 9460, 9460, 9122, 10040, 9127, 9101, 8207, 8979, 8712, 8663, 10827, 9988, 10903, 10600, 8278, 9485, 10250, 9129, 9916, 8684, 8987, 10374, 8361, 8927, 8472, 8964, 10858, 10306, 10078, 10085, 9585, 9695, 9396, 8628, 9693, 8173, 10935, 8882, 8335, 9321, 8052, 10395, 8663, 9152, 9786, 9655, 10793, 8959, 9836, 10477, 8178, 10713, 10724, 8487, 10655, 10232, 8276, 9035, 8614, 8819, 10439, 8834, 8907, 8716, 10292, 9792, 9706, 9284, 10065, 9708, 10289, 10804, 10356, 9415, 10292, 8026, 8047, 8447, 9971, 8112, 8364, 9987, 10665, 8811, 9335, 10426, 10649, 10612, 9096, 9119, 9461, 9875, 9450, 9285, 8511, 9643, 8778, 9157, 10075, 9741, 10349, 10429, 10533, 9923, 9294, 9038, 10700, 10227, 8123, 8717, 9327, 9996, 10219, 8821, 10390, 7971, 8978, 9459, 10553, 9433, 8111, 9670, 10140, 9705, 10185, 10909, 8247, 10792, 10877, 8155, 10762, 10941, 9334, 8898, 10136, 10892, 8310, 9940, 10899, 9538, 10134, 9089, 8074, 8854, 10345, 9124, 8140, 8543, 8848, 8765, 8392, 10679, 8279, 10853, 9266, 9940, 9151, 8007, 8772, 7941, 8082, 10551, 8692, 8425, 10306, 9255, 8598, 8219, 10067, 9189, 10159, 10632, 8942, 9847, 10205, 10467, 9018, 8432, 8235, 10294, 10002, 8282, 8680, 10286, 9576, 9205, 8194, 8885, 9187, 8061, 7970, 10249, 10348, 10289, 8154, 8844, 8743, 8491, 9623, 10774, 8010, 10858, 8297, 10838, 8922, 9457, 8867, 8423, 8826, 10494, 9570, 9863, 9034, 9706, 9438, 8573, 10295, 10840, 9752, 8357, 9459, 9720, 8773, 9531, 8875, 8187, 9942, 10117, 8868, 9151, 8734, 9276, 8516, 10768, 9430, 9862, 8473, 9432, 9398, 10987, 8769, 10909, 8857, 9128, 9450, 9540, 10470, 8498, 9351, 9765, 8183, 9568, 10338, 10159, 8532, 8757, 9610, 9021, 8266, 10589, 8526, 10840, 10521, 9687, 8313, 8936, 9086, 10200, 9674, 10989, 8809, 8440, 10164, 8840, 8676, 8621, 9604, 10671, 10497, 10162, 10995, 9071, 8068, 10207, 10387, 10529, 9316, 8521, 9946, 8030, 8606, 9029, 8813, 9309, 10643, 8144, 8122, 8730, 10101, 9481, 10864, 9232, 8199, 9212, 8343, 8232, 9183, 9565, 8345, 10629, 8885, 10697, 10125, 9883, 8074, 9722, 9940, 9395, 10878, 8084, 8286, 9385, 9602, 10549, 9239, 8716, 9379, 9884, 8944, 10402, 8089, 9541, 10402, 8763, 10884, 7996, 8699, 9734, 10526, 8865, 8598, 9100, 10684, 9784, 8467, 10870, 9434, 8666, 8702, 8193, 9326, 9723, 8267, 10914, 8867, 10586, 10465, 8549, 9757, 8951, 9285, 9651, 10431, 9901, 9577, 8936, 10174, 9178, 9013, 10774, 9354, 9763, 9652, 8487, 9807, 10624, 8142, 8549, 8942, 9102, 8312, 9385, 9553, 10571, 8961, 7950, 8970, 10631, 8167, 9712, 8947, 10102, 9549, 8493, 10765, 10808, 8514, 8131, 9123, 8133, 10216, 10080, 9845, 10672, 9382, 8423, 8901, 10392, 10134, 8485, 9712, 8687, 10770, 10200, 10448, 10562, 9864, 9664, 9295, 8774, 8709, 9440, 8126, 8802, 8980, 9372, 10538, 9975, 9080, 8875, 8417, 10889, 8896, 9482, 9678, 8902, 8224, 8407, 10493, 9704, 9595, 10442, 8322, 9832, 10957, 9985, 8819, 9783, 9552, 10496, 10516, 8263, 10057, 10638, 10813, 9345, 10977, 9848, 10401, 10726, 10558, 10817, 10285, 10479, 9800, 10326, 10487, 10703, 9239, 9971, 10670, 10453, 10626, 9117, 9442, 9321, 9925, 9005, 9349, 8096, 8785, 8518, 7948, 10907, 10435, 9196, 8205, 10020, 8864, 10784, 10598, 10965, 9856, 8607, 8601, 9755, 9316, 10177, 10019, 10393, 10411, 9239, 9137, 9477, 10646, 10416, 9520, 8194, 8260, 9063, 9527, 8698, 9495, 8048, 8758, 10792, 10586, 9440, 8530, 11000, 9396, 9939, 8957, 8868, 10504, 8744, 8092, 10340, 10143, 7964, 8915, 10019, 9130, 9878, 10211, 10911, 9734, 8636, 9070, 10199, 10968, 9934, 9076, 10621, 9523, 8284, 9457, 8542, 8299, 10915, 9005, 10121, 10622, 10629, 8586, 9463, 10231, 8900, 8368, 9789, 9458, 9569, 10771, 9545, 10973, 10005, 10671, 9404, 10701, 10542, 10647, 9003, 10731, 10017, 8209, 8387, 9182, 10004, 9786, 8089, 10939, 8274, 9496, 10962, 8575, 8217, 8087, 9632, 7997, 8787, 8844, 10201, 9000, 8004, 9792, 7941, 10404, 10831, 10484, 9283, 9174, 9473, 10293, 10993, 8585, 8270, 10441, 10513, 9960, 9014, 9184, 8556, 10285, 9393, 10623, 10927, 9369, 7985, 10526, 10744, 9000, 10344, 9487, 9412, 8620, 10979, 10450, 9563, 7952, 8299, 10335, 10110, 9660, 8179, 8823, 9264, 9941, 10649, 8347, 10502, 9733, 8935, 9573, 8228, 8132, 10247, 10622, 8357, 8977, 9309, 8459, 9290, 10567, 9631, 8469, 10972, 8389, 9794, 8508, 9702, 8697, 9124, 8375, 10525, 10851, 10496, 10290, 10165, 10834, 9637, 9413, 8525, 9686, 8584, 8445, 9145, 8857, 8705, 10362, 10537, 10287, 10991, 10960, 9153, 8733, 9029, 9993, 8818, 9131, 9224, 10717, 10434, 8175, 10231, 10958, 10012, 10529, 10104, 10103, 10558, 9698, 8750, 8675, 8989, 10249, 9161, 10016, 9054, 10559, 9906, 9010, 8612, 10757, 10069, 8941, 9215, 9506, 8543, 10611, 10966, 8442, 10881, 9290, 8424, 9568, 9813, 8930, 9038, 9388, 8358, 10437, 10741, 8819, 10514, 8021, 10234, 10975, 10694, 10440, 10107, 9424, 9382, 10307, 8116, 10182, 8629, 10581, 8791, 8496, 8423, 9854, 9838, 9865, 8554, 10758, 10206, 10868, 8470, 9849, 10271, 9753, 9251, 8317, 10670, 8061, 9579, 10812, 9091, 9904, 8809, 10652, 10099, 9023, 9609, 9923, 8258, 9381, 9986, 8750, 8238, 9515, 8685, 8862, 10016, 8460, 7984, 8882, 7958, 10063, 10339, 8484, 8533, 10071, 10194, 9556, 8279, 8356, 9671, 9554, 10483, 10626, 8472, 8872, 10349, 8800, 10671, 9385, 10548, 8452, 10083, 8430, 8109, 9722, 8577, 9790, 9693, 8194, 8653, 8925, 9287, 7982, 10118, 10175, 8439, 9559, 10085, 10511, 8863, 9446, 10925, 10563, 9083, 8407, 9406, 10805, 9596, 9279, 7998, 8438, 9470, 10009, 9277, 10472, 9827, 10537, 9000, 10028, 8922, 9688, 9059, 8469, 10417, 8092, 9526, 10963, 10097, 10431, 8262, 10709, 9553, 9059, 9118, 8538, 8502, 10377, 8774, 8589, 7953, 10408, 10610, 10874, 9002, 9737, 10252, 9954, 8192, 10263, 9241, 9448, 8374, 9987, 8153, 8000, 9546, 8156, 8440, 10445, 9153, 10671, 8825, 9373, 8148, 10923, 9218, 9012, 9725, 9922, 7996, 8935, 10707, 8590, 8134, 8139, 8564, 9621, 10498, 8969, 9326, 8909, 10262, 8781, 8226, 9105, 8854, 10132, 9824, 10897, 8743, 10398, 8558, 9915, 10656, 9113, 9115, 8295, 10850, 9307, 9256, 10653, 10168, 9768, 8750, 9619, 10671, 8794, 10796, 9028, 8174, 10113, 10520, 8529, 9125, 9746, 10370, 8701, 10341, 10505, 9732, 9838, 8598, 8273, 10850, 9983, 8546, 8001, 10472, 10167, 9369, 9034, 9987, 10310, 8065, 9234, 10528, 8548, 10476, 10705, 8233, 10468, 9733, 10937, 10240, 8905, 10201, 8277, 9371, 8860, 9274, 8107, 8986, 8282, 9339, 10706, 9208, 10666, 10277, 9360, 8217, 10596, 10094, 9811, 9382, 10040, 10170, 8406, 7968, 9976, 8032, 8392, 8509, 10161, 10224, 10312, 10504, 8284, 10990, 10759, 10342, 10806, 9671, 10336, 8254, 10601, 9146, 10430, 9854, 10592, 8179, 9000, 9233, 8391, 10931, 8641, 7943, 8860, 8599, 9973, 9165, 9686, 10501, 9932, 8565, 8871, 8520, 10997, 10339, 8501, 10456, 10099, 9392, 8458, 9871, 9051, 9809, 7974, 10292, 9072, 8224, 9218, 8425, 9324, 9859, 9708, 8134, 10131, 8060, 10856, 9822, 10397, 8996, 9649, 9816, 9456, 10776, 9666, 7983, 8163, 9094, 10238, 10223, 8143, 10312, 10339, 8776, 10281, 8377, 9485, 8904, 10039, 9274, 8460, 10885, 8293, 9190, 10714, 8097, 10436, 9640, 8683, 10968, 8295, 10310, 10587, 8511, 10991, 10131, 8022, 8691, 8997, 10449, 10122, 10184, 9318, 10789, 8847, 10211, 9057, 8554, 9344, 10759, 8078, 9068, 8885, 9989, 10362, 10547, 9455, 9525, 7959, 7977, 10056, 9686, 9381, 9611, 9255, 9019, 10422, 9691, 9555, 8435, 8528, 9055, 9742, 9694, 9082, 10952, 9464, 10798, 10009, 9645, 9967, 10797, 8909, 8379, 10472, 10822, 8750, 9245, 10758, 10655, 10549, 10652, 10617, 10371, 8281, 7961, 8691, 9209, 10874, 10054, 9984, 9145, 8495, 9029, 9752, 8097, 9778, 9282, 10194, 10427, 8343, 9701, 7971, 10726, 9862, 8572, 9639, 9551, 8732, 9293, 10897, 9818, 10388, 8300, 9037, 9933, 8179, 8149, 9483, 10164, 8472, 10234, 10911, 9852, 9323, 10982, 8345, 8518, 8179, 10486, 9876, 8270, 9948, 8277, 10342, 10714, 9955, 8229, 9597, 10559, 8610, 8429, 9960, 8752, 9630, 9022, 8280, 10436, 8849, 10741, 8523, 9066, 8591, 10279, 10371, 8496, 9786, 9343, 8039, 9531, 8572, 8993, 9852, 9292, 8875, 8935, 8473, 8529, 8832, 10135, 9887, 10843, 8850, 9383, 10232, 7983, 10555, 9376, 8422, 10452, 9191, 9325, 8532, 9863, 10262, 9568, 9489, 10963, 8397, 8697, 8272, 10081, 9862, 10102, 10152, 8268, 8468, 10641, 10595, 10843, 10698, 10271, 9178, 10611, 9051, 10466, 10669, 8687, 8635, 9849, 9347, 8880, 10869, 10130, 9845, 8072, 10760, 9900, 9700, 8523, 10218, 9958, 8192, 10712, 7968, 10814, 9177, 9096, 8139, 8524, 8855, 9756, 8783, 9950, 8152, 10616, 9022, 8013, 9409, 8996, 7975, 9091, 8477, 9594, 10822, 10027, 8673, 10223, 8154, 10347, 9444, 8108, 9361, 9971, 9066, 9864, 9147, 9841, 8881, 9021, 8534, 7944, 9423, 10853, 7988, 9578, 9487, 9118, 10092, 8217, 8704, 9402, 8941, 10126, 10657, 8570, 10732, 9693, 10451, 8794, 10967, 9110, 9418, 9242, 7962, 8311, 10394, 8291, 8602, 10509, 8235, 9368, 9157, 10710, 9165, 9308, 10217, 8539, 9468, 9655, 8043, 9698, 8651, 10884, 10163, 10864, 10098, 9373, 7969, 8121, 10506, 7941, 9456, 8103, 9683, 8072, 8256, 10670, 10046, 8800, 10850, 8286, 7949, 8782, 10588, 9168, 10054, 10287, 8646, 10243, 8682, 10355, 9800, 8888, 9331, 8627, 10619, 10277, 8537, 10049, 10668, 10102, 9758, 9547, 9744, 10160, 10811, 10727, 8471, 10342, 10817, 9243, 10111, 10503, 8333, 8660, 8118, 10704, 9152, 10035, 10221, 10612, 10102, 10772, 10262, 8511, 9535, 9988, 8679, 8575, 10021, 8670, 8189, 10164, 9965, 9190, 9262, 8325, 8290, 10543, 8177, 9102, 9708, 8724, 10221, 8136, 8260, 8578, 9409, 9087, 9693, 9253, 10011, 10016, 9455, 8453, 9824, 9770, 10904, 10033, 9167, 9417, 10809, 9303, 8875, 8662, 9996, 10117, 8421, 10146, 10208, 10975, 10711, 9785, 9217, 10033, 9408, 10110, 10100, 10352, 9246, 10662, 9178, 9870, 9099, 7983, 10251, 10941, 7981, 8808, 10144, 10003, 8124, 10249, 9074, 10549, 8453, 8814, 10002, 10820, 8095, 8209, 8506, 9341, 9490, 9828, 9751, 8054, 10630, 9539, 10178, 9575, 9058, 8803, 10005, 10950, 10923, 8714, 9745, 10647, 9005, 10585, 8250, 8055, 9670, 10131, 10634, 9614, 10340, 9720, 10871, 10464, 8173, 9802, 10758, 9492, 9142, 10580, 10370, 9461, 10042, 9132, 9685, 10340, 10786, 8739, 10070, 9684, 10848, 10313, 9504, 9482, 10159, 8883, 9882, 10949, 8500, 8355, 10434, 8807, 10139, 9547, 8432, 10528, 10775, 9603, 9558, 8171, 8191, 8849, 9130, 9119, 8707, 10704, 9890, 9429, 9459, 9923, 10020, 9862, 8412, 10889, 9455, 8312, 8708, 8088, 9864, 7952, 8774, 7949, 10745, 10060, 8513, 8631, 10504, 10572, 9989, 8503, 8398, 10803, 8803, 8821, 7987, 9228, 10499, 8723, 9161, 10056, 9172, 10443, 8440, 9476, 9149, 8112, 10241, 8371, 8589, 7944, 9610, 10415, 8075, 8251, 10195, 9766, 9230, 9409, 9399, 9764, 10991, 9136, 8056, 9761, 9556, 8317, 8133, 9212, 8097, 10849, 10988, 10553, 10241, 10031, 8189, 10476, 7994, 9632, 9052, 9883, 10856, 10631, 8051, 9754, 8113, 10788, 9012, 9869, 9966, 8522, 10212, 10998, 9223, 9806, 10550, 9395, 8964, 9706, 8029, 10283, 8901, 10937, 10476, 10298, 9141, 10290, 9321, 10665, 10018, 9369, 10330, 7979, 9639, 9258, 10841, 8059, 8292, 8890, 10010, 9317, 8505, 10076, 9855, 10612, 9028, 10327, 10705, 10432, 9798, 10551, 10756, 8411, 10829, 10451, 9088, 9646, 10979, 8306, 8080, 8888, 8061, 8857, 8472, 10356, 10471, 8820, 9478, 10960, 8944, 8467, 8646, 8399, 9272, 7972, 9266, 10634, 9575, 10511, 10898, 8649, 8928, 8493, 8824, 9925, 9753, 10552, 10018, 10734, 10034, 10488, 10408, 8940, 10605, 9790, 8373, 10808, 8230, 8412, 10583, 10083, 10549, 9138, 10084, 10461, 10651, 8272, 10394, 8686, 9174, 7955, 10600, 10858, 8828, 10887, 8836, 9762, 8393, 8639, 9450, 10271, 8862, 8237, 8872, 9656, 9928, 10441, 8956, 10035, 9930, 9579, 8452, 10519, 9550, 10213, 10394, 8885, 10312, 8205, 10335, 9892, 10153, 10589, 10197, 9771, 8556, 9388, 9894, 10533, 9880, 10291, 9525, 8489, 10313, 10082, 8363, 10702, 8553, 9342, 10493, 10184, 10877, 9024, 9587, 8564, 8388, 10030, 8952, 9089, 10797, 8163, 9363, 9147, 10823, 8673, 9672, 9514, 10899, 8167, 9737, 10363, 8649, 8556, 8581, 8641, 9326, 10050, 9767, 10177, 9402, 10085, 10408, 10626, 10692, 10029, 9988, 8267, 10273, 10660, 10027, 9260, 9480, 9934, 10088, 10556, 9400, 8523, 7963, 10906, 8002, 8250, 9684, 8717, 10505, 9857, 10803, 8950, 8378, 10260, 10644, 8696, 10574, 9039, 9751, 9827, 10030, 10159, 9393, 8587, 10805, 10581, 9831, 10622, 9645, 10258, 8890, 9866, 8736, 10834, 8246, 8884, 8905, 10478, 8208, 10014, 9478, 8664, 10124, 8722, 10875, 8763, 9888, 10184, 8759, 10010, 10655, 9554, 9349, 9162, 9893, 10963, 9180, 9454, 9615, 10009, 9335, 9196, 9074, 10646, 10978, 10832, 10687, 10529, 9214, 10079, 9098, 10350, 9173, 10249, 9007, 9999, 9038, 10134, 10522, 10503, 9787, 10385, 7937, 9783, 9166, 8760, 9451, 8092, 10934, 8413, 9417, 10059, 8674, 10579, 10795, 10752, 8214, 8696, 9453, 10950, 10758, 10264, 10521, 9200, 8460, 8233, 8463, 8011, 8788, 8181, 8548, 9905, 10763, 10995, 8730, 8073, 8612, 9038, 9971, 9463, 10530, 10593, 9202, 10498, 10652, 9808, 8234, 9965, 10943, 9115, 10449, 8744, 10048, 9196, 9639, 8921, 9617, 9570, 8826, 9838, 9111, 8988, 10646, 9547, 9337, 8492, 8475, 10256, 8279, 10035, 8615, 9018, 8399, 9958, 8788, 10734, 8278, 9457, 8797, 10310, 10814, 9404, 8759, 9109, 7946, 9918, 10805, 8167, 9023, 8727, 10109, 9106, 9706, 8230, 10455, 9556, 10982, 8409, 9259, 8940, 10883, 8127, 9320, 8670, 10389, 10618, 8871, 10818, 8888, 10864, 8256, 8120, 10464, 8433, 9537, 9227, 10327, 9026, 10794, 8584, 8272, 10448, 8240, 10177, 8230, 9044, 9247, 9233, 8727, 8126, 9098, 10032, 10729, 8167, 8861, 8220, 10471, 9098, 8174, 8150, 9835, 9205, 9652, 8329, 10780, 10424, 9229, 8165, 9391, 9623, 8397, 9122, 7936, 9727, 8957, 8510, 8138, 9948, 8449, 8312, 9679, 8945, 8291, 8929, 8453, 8745, 9879, 8957, 10516, 9241, 8814, 10548, 10927, 9861, 10012, 8089, 9098, 7940, 9552, 8764, 10408, 9921, 10954, 10792, 8724, 9742, 9825, 10147, 7987, 8041, 8223, 10695, 9168, 9960, 8257, 9131, 9586, 9685, 9038, 9976, 8953, 10293, 9511, 8115, 9876, 9517, 9688, 9995, 9829, 8396, 8006, 10018, 10779, 10333, 8116, 8439, 10747, 10838, 10214, 8540, 9912, 8699, 8295, 8848, 8243, 8012, 9518, 8134, 8065, 9076, 8252, 10987, 10801, 10322, 9608, 8778, 10162, 10769, 9814, 8276, 9176, 9822, 10717, 8463, 8325, 9020, 8163, 9383, 10339, 10208, 10380, 9856, 10526, 9183, 9528, 10519, 9020, 9446, 10903, 10955, 8971, 8848, 10970, 10793, 10746, 10586, 10689, 10405, 10183, 9892, 10193, 9605, 8254, 9518, 8542, 8235, 8033, 9148, 10385, 8661, 8321, 9195, 10551, 9537, 10809, 8484, 9724, 9962, 8177, 9888, 8444, 9119, 10367, 9035, 10056, 10715, 8156, 10985, 9765, 10510, 9620, 8112, 9804, 9556, 9181, 10760, 9623, 9252, 9400, 10869, 9327, 8486, 10226, 10997, 10142, 8455, 8207, 7938, 8463, 7942, 10920, 9954, 10656, 8387, 9518, 10826, 8899, 9151, 8260, 8832, 8404, 8424, 8481, 9596, 10744, 8604, 8073, 8354, 8029, 10589, 10895, 10494, 9110, 8270, 8832, 10321, 10595, 8251, 7951, 9347, 8308, 8680, 7942, 8701, 9646, 9824, 9847, 10552, 10401, 10391, 8760, 9267, 8450, 10936, 10964, 10372, 9979, 9607, 8065, 10736, 9847, 9506, 8015, 9234, 9151, 10045, 8623, 9562, 7933, 7963, 8093, 9506, 9852, 8189, 9607, 10452, 8578, 10261, 10503, 10333, 10745, 10799, 9653, 8273, 8570, 10258, 9378, 9556, 10680, 10197, 8598, 8274, 8890, 8892, 8722, 8645, 9024, 9495, 10432, 8113, 8644, 10299, 8679, 10468, 10114, 8217, 9642, 10167, 7974, 8101, 10853, 8948, 9693, 10967, 10704, 9861, 8270, 10620, 7963, 9589, 10549, 9535, 9362, 10650, 10273, 9398, 8587, 8311, 10339, 8545, 10793, 9681, 9932, 9740, 9189, 8818, 9377, 10657, 8057, 8350, 9155, 8461, 9851, 8035, 10002, 8254, 9321, 10979, 8646, 10734, 10382, 9264, 10624, 10370, 9685, 10740, 9911, 9588, 10290, 8147, 10645, 10589, 9913, 10040, 10027, 8996, 10218, 10397, 8207, 9309, 8443, 9720, 8779, 9008, 10466, 9297, 10380, 9003, 9981, 9476, 9492, 9591, 8915, 10661, 8322, 8288, 10910, 10500, 8555, 10964, 10616, 8833, 9673, 9470, 10891, 8182, 9259, 9039, 9597, 9447, 9295, 9216, 10324, 8698, 8658, 9014, 8665, 9647, 9797, 10574, 8428, 8638, 10645, 8735, 8284, 8304, 8254, 10171, 8654, 9572, 9369, 9410, 10808, 10078, 8381, 8196, 9102, 9200, 8261, 10802, 8713, 8903, 9561, 9646, 8497, 9141, 8174, 8404, 10963, 9281, 8290, 9736, 10239, 8832, 10354, 10555, 8428, 9411, 9412, 9610, 8946, 9382, 10330, 8775, 10702, 8306, 8574, 10498, 10626, 9873, 9770, 9384, 8805, 9510, 10599, 10679, 10641, 9568, 7963, 9019, 10393, 9078, 10089, 8133, 9297, 7968, 9689, 8955, 8787, 8346, 8511, 9818, 9043, 8463, 10018, 8730, 9060, 9861, 10800, 8299, 10340, 8267, 10693, 9331, 9780, 8594, 10099, 8820, 8438, 9299, 9440, 9034, 9163, 9947, 8723, 9287, 10286, 8726, 10833, 9686, 10134, 10270, 9829, 9357, 10253, 8510, 10874, 9369, 8447, 9049, 10135, 9210, 9835, 8838, 10386, 10067, 10145, 10700, 8160, 10291, 10205, 9759, 8129, 8768, 8167, 9220, 8193, 9192, 10030, 9505, 8974, 8307, 9135, 7972, 8911, 9645, 8860, 8461, 10866, 8369, 8111, 10365, 10075, 8543, 10981, 8813, 10671, 10583, 9526, 8854, 8486, 10132, 9237, 9901, 9662, 9575, 9067, 9224, 8048, 10413, 8676, 10865, 9209, 8997, 10335, 10782, 10161, 10737, 10993, 8393, 10580, 10682, 9402, 10646, 8760, 9635, 10748, 8075, 10629, 9361, 8726, 8076, 8785, 9901, 8421, 8743, 9219, 10680, 9896, 10010, 9896, 9532, 9916, 10990, 9589, 8167, 10808, 8329, 9651, 9656, 8617, 7962, 10583, 9352, 10444, 9364, 8762, 8482, 10198, 9653, 9330, 10949, 8434, 10471, 9179, 9358, 9015, 8354, 8459, 10157, 8664, 9702, 9892, 10813, 9456, 9058, 10125, 8469, 8196, 9954, 9915, 8956, 10006, 9119, 10139, 10119, 9129, 8823, 10998, 9196, 7972, 9077, 9814, 9953, 8589, 8571, 10269, 9879, 8616, 9561, 9783, 8653, 8672, 9450, 9114, 9736, 9267, 10619, 10216, 9988, 9367, 10742, 10391, 8892, 10177, 9055, 10172, 9661, 10606, 10377, 10725, 7953, 10006, 8685, 9814, 8490, 7939, 9855, 8267, 9272, 9540, 9198, 9403, 9738, 8216, 10055, 9613, 8604, 9047, 10074, 8474, 10572, 10706, 8357, 7993, 10231, 9240, 10093, 9341, 9636, 9815, 9201, 10442, 8585, 9403, 8920, 8581, 9549, 8217, 10095, 9425, 10638, 9765, 10473, 10660, 10385, 8689, 9671, 8261, 8444, 10287, 9336, 9584, 10870, 9318, 9127, 10300, 9908, 10994, 9787, 10385, 8962, 9160, 8931, 9044, 9444, 8938, 8346, 9986, 9998, 8822, 10083, 9575, 10072, 9223, 9924, 9058, 9807, 8324, 8577, 9832, 8690, 8361, 8547, 10638, 10596, 8089, 10919, 9955, 8938, 8294, 10613, 10503, 9146, 10774, 10411, 8034, 8142, 9813, 10874, 8456, 9951, 10133, 10972, 10889, 9983, 9076, 8543, 10231, 8611, 9633, 8717, 8716, 7998, 9221, 8847, 8783, 9978, 9974, 10022, 8559, 8537, 10140, 9455, 10890, 10190, 10527, 8932, 10341, 9032, 9919, 9587, 10356, 10941, 8120, 8409, 7966, 9797, 10313, 9365, 9816, 10878, 9472, 10611, 9710, 9134, 8096, 10050, 9221, 9015, 9528, 9795, 8192, 10509, 10018, 8357, 10502, 8345, 8204, 9334, 9992, 8731, 8110, 9201, 9262, 8510, 8175, 9995, 10759, 8701, 9633, 9656, 9979, 8988, 8710, 9771, 9179, 10831, 9682, 8027, 8111, 10559, 10133, 10540, 8251, 10091, 9429, 8576, 9809, 9520, 10541, 9459, 9598, 9593, 9232, 10736, 7965, 9558, 10850, 9055, 8461, 9720, 9765, 10041, 9864, 8586, 9378, 10491, 10398, 8004, 10658, 7948, 8516, 9694, 9728, 10098, 10060, 8744, 8571, 8486, 8929, 9066, 10787, 10715, 10065, 8007, 9634, 10340, 8497, 10307, 10503, 8532, 10032, 10907, 10306, 10048, 9085, 9717, 9951, 8861, 9084, 9300, 8929, 8649, 9174, 10113, 10804, 8808, 10983, 10137, 10943, 10414, 9258, 8198, 10082, 10776, 8941, 10108, 10154, 10633, 10426, 9461, 10576, 7947, 8448, 9226, 10382, 9495, 8774, 9341, 8886, 8589, 10663, 10283, 8867, 8315, 10850, 8859, 9679, 8515, 8709, 9489, 9622, 10333, 8922, 10843, 9858, 10869, 10299, 8052, 7936, 9321, 10634, 8388, 9583, 9963, 10986, 8903, 9697, 9119, 9833, 10488, 9796, 10082, 9982, 9240, 10354, 10985, 9600, 9222, 8760, 9183]
================================================================================================
