D:\kplib\07SpannerUncorrelated\n00050\R10000\s079.kp
e - s = 0.0
e - s <= 170.0: True
Capacity = 24744
Total value = 34764
Total weight: 24676
Packed items: [1, 6, 7, 8, 15, 17, 18, 19, 21, 23, 24, 25, 26, 27, 31, 32, 33, 38, 44, 48, 49]
Packed_weights: [592, 669, 223, 892, 1561, 669, 669, 2230, 2007, 1561, 892, 2230, 446, 223, 1784, 1784, 1115, 446, 1784, 892, 2007]
================================================================================================
D:\kplib\07SpannerUncorrelated\n00100\R10000\s029.kp
e - s = 180.3328902721405
e - s <= 170.0: False
Capacity = 133611
Total value = 124988
Total weight: 133192
Packed items: [0, 1, 2, 3, 4, 5, 6, 7, 8, 9, 10, 12, 13, 14, 15, 16, 17, 18, 19, 20, 21, 22, 23, 24, 25, 26, 27, 28, 30, 31, 32, 34, 35, 41, 43, 45, 46, 48, 50, 51, 53, 56, 58, 60, 61, 63, 64, 68, 69, 72, 76, 77, 79, 80, 82, 84, 86, 87, 88, 89, 90, 91, 94, 97, 98, 99]
Packed_weights: [4608, 1310, 1536, 2304, 7680, 5376, 6144, 1536, 1310, 4608, 5376, 1310, 1572, 2096, 5376, 1834, 262, 3072, 1536, 768, 1310, 1310, 5376, 2358, 2620, 7680, 786, 262, 524, 2620, 2096, 1834, 2620, 262, 1834, 2358, 1834, 1834, 786, 786, 1310, 1310, 2620, 786, 524, 262, 262, 524, 1834, 1048, 786, 2096, 786, 2096, 786, 1834, 2358, 2358, 1048, 1048, 524, 1048, 2620, 1572, 262, 786]
================================================================================================
D:\kplib\07SpannerUncorrelated\n00200\R10000\s030.kp
e - s = 180.3211522102356
e - s <= 170.0: False
Capacity = 160182
Total value = 319970
Total weight: 159624
Packed items: [0, 1, 2, 3, 4, 5, 6, 7, 8, 9, 10, 11, 12, 13, 14, 15, 16, 17, 18, 19, 20, 21, 22, 23, 24, 25, 26, 27, 28, 29, 30, 31, 32, 33, 34, 35, 36, 37, 38, 39, 40, 41, 42, 43, 44, 45, 46, 47, 48, 49, 50, 51, 52, 53, 54, 55, 56, 57, 58, 59, 60, 61, 62, 63, 64, 65, 66, 67, 68, 69, 70, 72, 73, 74, 75, 76, 77, 78, 79, 80, 81, 82, 83, 84, 86, 87, 88, 89, 90, 91, 92, 93, 96, 97, 102, 103, 105, 107, 109, 110, 111, 113, 114, 120, 124, 126, 132, 134, 135, 138, 139, 140, 141, 142, 146, 147, 148, 149, 151, 152, 153, 154, 155, 156, 157, 158, 160, 162, 166, 169, 170, 171, 172, 173, 174, 176, 178, 180, 181, 182, 184, 185, 186, 188, 190, 192, 198]
Packed_weights: [81, 2376, 270, 5940, 81, 1188, 3564, 5940, 162, 594, 4158, 3564, 4158, 54, 2376, 243, 27, 2376, 2970, 2376, 1188, 3564, 5940, 594, 270, 2970, 81, 4158, 4158, 162, 81, 108, 4752, 162, 189, 4752, 189, 3564, 5940, 2376, 54, 594, 81, 4752, 27, 594, 2970, 1782, 1188, 108, 5940, 1188, 135, 2970, 2376, 4752, 4158, 108, 135, 2970, 162, 81, 54, 216, 54, 162, 4158, 4752, 4752, 2376, 54, 54, 162, 189, 54, 1782, 135, 5346, 216, 81, 216, 594, 27, 270, 54, 216, 216, 162, 216, 135, 216, 189, 189, 162, 135, 54, 135, 270, 135, 135, 108, 270, 81, 189, 216, 27, 216, 189, 216, 162, 135, 81, 135, 216, 162, 189, 54, 27, 243, 54, 135, 27, 81, 135, 54, 108, 108, 243, 135, 135, 216, 135, 216, 216, 54, 243, 27, 135, 27, 54, 135, 135, 27, 216, 216, 216, 81]
================================================================================================
D:\kplib\07SpannerUncorrelated\n00500\R10000\s098.kp
e - s = 181.4497127532959
e - s <= 170.0: False
Capacity = 218828
Total value = 1218007
Total weight: 218673
Packed items: [0, 1, 2, 3, 4, 5, 6, 7, 8, 9, 10, 11, 12, 13, 14, 15, 16, 17, 18, 19, 20, 21, 22, 23, 24, 25, 26, 27, 28, 29, 30, 31, 32, 33, 34, 35, 36, 37, 38, 39, 40, 41, 42, 43, 44, 45, 46, 47, 48, 49, 50, 51, 52, 53, 54, 55, 56, 57, 58, 59, 60, 61, 62, 63, 64, 65, 66, 67, 68, 69, 70, 71, 72, 73, 74, 75, 76, 77, 78, 79, 80, 81, 82, 83, 84, 85, 86, 87, 88, 89, 90, 91, 92, 93, 94, 95, 96, 97, 98, 99, 100, 101, 102, 103, 104, 105, 106, 107, 108, 109, 110, 111, 112, 113, 114, 115, 116, 117, 118, 119, 120, 121, 122, 123, 124, 125, 126, 127, 128, 129, 130, 131, 132, 133, 134, 135, 136, 137, 138, 139, 140, 141, 142, 143, 144, 145, 146, 147, 148, 149, 150, 151, 152, 153, 154, 155, 156, 157, 158, 159, 160, 161, 162, 163, 164, 165, 166, 167, 168, 169, 170, 171, 172, 173, 174, 175, 176, 177, 178, 179, 180, 181, 182, 183, 184, 185, 186, 187, 188, 189, 190, 191, 192, 193, 194, 195, 196, 197, 198, 199, 200, 201, 203, 204, 206, 207, 208, 209, 211, 212, 214, 215, 217, 218, 220, 221, 224, 225, 227, 232, 233, 234, 236, 237, 238, 241, 242, 243, 244, 246, 248, 249, 251, 252, 255, 259, 261, 262, 264, 265, 266, 270, 272, 273, 274, 275, 276, 278, 280, 281, 282, 283, 284, 285, 289, 290, 291, 292, 295, 297, 299, 300, 301, 302, 305, 307, 308, 310, 312, 318, 319, 320, 321, 325, 326, 327, 328, 330, 331, 332, 333, 334, 335, 339, 343, 344, 345, 347, 351, 352, 355, 356, 357, 358, 359, 360, 362, 365, 366, 367, 369, 370, 371, 372, 374, 375, 376, 380, 382, 383, 384, 387, 388, 389, 391, 392, 393, 394, 396, 398, 399, 401, 406, 408, 412, 413, 416, 420, 422, 423, 424, 430, 431, 432, 433, 434, 435, 436, 438, 440, 441, 442, 444, 448, 457, 458, 462, 468, 470, 471, 472, 474, 476, 479, 480, 485, 488, 492, 493, 495, 498]
Packed_weights: [265, 2240, 1600, 53, 2560, 424, 320, 1280, 424, 265, 1920, 318, 159, 106, 2240, 106, 424, 106, 1600, 960, 477, 530, 1920, 2240, 53, 212, 2240, 2240, 530, 2560, 53, 2240, 159, 212, 477, 106, 530, 2240, 53, 106, 960, 159, 2240, 1600, 371, 1600, 530, 106, 53, 159, 212, 318, 265, 1920, 2880, 640, 318, 640, 1600, 318, 2880, 2240, 424, 1280, 106, 159, 3200, 371, 318, 320, 106, 424, 1920, 320, 3200, 106, 265, 371, 424, 212, 2880, 960, 640, 640, 212, 2560, 53, 371, 371, 53, 3200, 159, 106, 320, 212, 159, 3200, 106, 1600, 320, 1920, 265, 371, 640, 1280, 1600, 477, 159, 424, 530, 212, 640, 371, 371, 2240, 530, 2240, 159, 318, 53, 2560, 318, 371, 159, 53, 960, 106, 530, 640, 159, 159, 159, 318, 1600, 960, 424, 1280, 1600, 530, 2880, 960, 2240, 318, 320, 320, 477, 320, 212, 106, 2880, 265, 640, 53, 2240, 3200, 424, 53, 320, 106, 1280, 265, 424, 106, 320, 318, 2240, 640, 53, 2560, 2560, 1600, 320, 265, 960, 106, 1920, 477, 477, 106, 960, 640, 320, 265, 159, 2880, 640, 106, 960, 53, 477, 1920, 53, 424, 159, 1600, 1920, 106, 1920, 640, 1280, 320, 265, 320, 318, 53, 477, 371, 265, 530, 530, 106, 53, 159, 265, 424, 424, 530, 53, 424, 318, 477, 318, 159, 530, 424, 212, 530, 530, 318, 212, 53, 265, 371, 212, 371, 477, 159, 106, 318, 212, 530, 424, 53, 159, 424, 53, 530, 265, 265, 318, 212, 106, 53, 106, 530, 159, 265, 265, 424, 159, 53, 212, 371, 159, 53, 159, 106, 424, 530, 159, 424, 477, 53, 424, 265, 318, 212, 530, 212, 318, 371, 159, 371, 212, 265, 159, 106, 371, 53, 212, 318, 265, 424, 318, 424, 159, 318, 265, 212, 424, 477, 477, 159, 265, 159, 106, 159, 318, 265, 318, 212, 159, 53, 530, 424, 477, 424, 371, 212, 318, 424, 212, 318, 159, 530, 424, 530, 106, 53, 424, 212, 212, 265, 477, 159, 371, 530, 424, 318, 212, 530, 159, 424, 53, 318, 53, 265, 477, 265, 477, 212, 477, 371, 265, 477, 477, 371, 371, 530, 371, 159]
================================================================================================
D:\kplib\07SpannerUncorrelated\n01000\R10000\s086.kp
e - s = 179.99046182632446
e - s <= 170.0: False
Capacity = 1346994
Total value = 1272630
Total weight: 1346970
Packed items: [0, 6, 8, 9, 10, 11, 13, 16, 22, 23, 28, 29, 32, 40, 41, 42, 43, 44, 46, 51, 53, 55, 57, 60, 61, 63, 65, 67, 68, 69, 70, 73, 74, 76, 77, 79, 80, 81, 82, 84, 87, 88, 89, 93, 94, 95, 97, 101, 102, 103, 104, 107, 108, 111, 112, 113, 114, 115, 116, 117, 119, 121, 122, 123, 126, 127, 131, 133, 134, 135, 136, 142, 145, 146, 147, 150, 158, 162, 163, 167, 168, 169, 170, 176, 178, 179, 182, 184, 185, 186, 188, 190, 191, 194, 196, 199, 200, 201, 205, 206, 209, 213, 214, 215, 219, 223, 229, 230, 233, 234, 238, 242, 247, 248, 251, 252, 256, 257, 258, 259, 262, 266, 268, 269, 272, 273, 274, 276, 282, 291, 295, 297, 298, 300, 302, 303, 306, 307, 308, 309, 311, 314, 315, 317, 322, 323, 326, 327, 328, 331, 332, 335, 336, 337, 339, 341, 342, 348, 349, 350, 354, 358, 361, 362, 363, 367, 368, 369, 370, 371, 372, 373, 375, 376, 377, 380, 383, 384, 385, 386, 392, 395, 396, 397, 405, 407, 408, 409, 410, 412, 413, 415, 417, 418, 419, 421, 422, 423, 424, 425, 426, 427, 428, 433, 437, 438, 441, 445, 447, 448, 449, 451, 452, 454, 464, 469, 470, 472, 473, 476, 478, 479, 481, 483, 486, 491, 493, 496, 498, 500, 503, 505, 509, 510, 512, 514, 521, 523, 524, 525, 528, 529, 530, 531, 532, 538, 539, 542, 543, 544, 545, 547, 548, 549, 550, 551, 552, 553, 556, 557, 558, 559, 560, 563, 565, 571, 572, 574, 580, 582, 583, 586, 588, 590, 591, 592, 593, 594, 596, 597, 598, 600, 603, 604, 605, 608, 612, 613, 615, 616, 621, 623, 624, 629, 631, 632, 635, 638, 640, 643, 646, 647, 649, 650, 652, 653, 655, 657, 658, 660, 665, 667, 668, 669, 670, 673, 674, 675, 676, 678, 680, 684, 685, 687, 688, 690, 691, 692, 693, 696, 701, 702, 704, 705, 706, 708, 711, 712]
Packed_weights: [761, 6088, 1522, 761, 2283, 7610, 5327, 5327, 3805, 1522, 7610, 6849, 3044, 2283, 2283, 3044, 3044, 6849, 761, 5327, 3044, 6088, 761, 3044, 1522, 761, 1522, 1522, 3805, 6088, 7610, 1522, 3805, 1522, 3044, 761, 3044, 6849, 2283, 1522, 3044, 6849, 6088, 4566, 7610, 761, 6849, 6849, 6849, 3805, 3805, 761, 7610, 6088, 4566, 5327, 7610, 6849, 4566, 3805, 3805, 6849, 3044, 6849, 6088, 3805, 7610, 761, 4566, 3044, 6849, 6088, 5327, 7610, 5327, 761, 4566, 2283, 3044, 6088, 4566, 4566, 2283, 3044, 2283, 3805, 4566, 1522, 2283, 3805, 4566, 1522, 4566, 3805, 4566, 6088, 1522, 3805, 761, 3805, 2283, 761, 761, 5327, 6849, 1522, 7610, 6088, 3044, 2283, 1522, 4566, 2283, 3044, 2283, 7610, 2283, 3805, 7610, 5327, 7610, 3805, 761, 3044, 3044, 6088, 5327, 761, 1522, 761, 7610, 3044, 4566, 6088, 7610, 4566, 3805, 2283, 4566, 6849, 1522, 7610, 3044, 4566, 3805, 6849, 3805, 1522, 3044, 761, 3805, 6088, 6849, 1522, 4566, 2283, 3044, 6088, 6849, 5327, 6088, 2283, 5327, 3805, 2283, 3805, 5327, 7610, 1522, 2283, 761, 6088, 6088, 6849, 5327, 4566, 761, 3805, 1522, 761, 6088, 4566, 3805, 761, 4566, 2283, 2283, 5327, 761, 1522, 4566, 2283, 3805, 7610, 3044, 4566, 1522, 4566, 761, 6088, 2283, 3805, 1522, 761, 3805, 6088, 6849, 1522, 7610, 6849, 1522, 2283, 1522, 7610, 3044, 7610, 1522, 6849, 5327, 4566, 3044, 2283, 1522, 2283, 7610, 3805, 3044, 1522, 6849, 7610, 6088, 2283, 3805, 5327, 2283, 7610, 2283, 4566, 3805, 1522, 4566, 6849, 3044, 2283, 761, 4566, 5327, 3805, 761, 3044, 761, 3805, 4566, 4566, 3044, 1522, 7610, 7610, 6088, 6849, 2283, 1522, 761, 761, 2283, 4566, 2283, 6849, 2283, 6088, 3044, 6849, 5327, 3805, 5327, 2283, 2283, 6849, 4566, 5327, 6849, 5327, 2283, 3044, 3805, 7610, 2283, 7610, 3805, 2283, 2283, 1522, 761, 3805, 5327, 7610, 2283, 7610, 5327, 4566, 4566, 5327, 7610, 3044, 2283, 761, 1522, 4566, 6849, 3805, 761, 3805, 761, 6088, 1522, 6088, 761, 7610, 6088, 1522, 761, 4566, 6849, 3044, 3044, 4566, 6849, 3044, 3805, 6088, 2283, 5327, 2283, 2283, 3805, 761, 7610, 6088]
================================================================================================
D:\kplib\07SpannerUncorrelated\n02000\R10000\s033.kp
e - s = 180.01717114448547
e - s <= 170.0: False
Capacity = 2716700
Total value = 4103260
Total weight: 2716364
Packed items: [0, 1, 2, 3, 4, 5, 6, 7, 8, 9, 10, 11, 12, 13, 14, 15, 16, 17, 18, 19, 20, 21, 22, 23, 24, 25, 26, 27, 28, 29, 30, 31, 32, 33, 34, 35, 36, 37, 38, 39, 40, 41, 42, 43, 44, 45, 46, 47, 48, 49, 50, 51, 52, 53, 54, 55, 56, 57, 58, 59, 60, 61, 62, 63, 64, 65, 66, 67, 68, 69, 70, 71, 72, 73, 74, 75, 76, 77, 78, 79, 80, 81, 82, 83, 84, 85, 86, 87, 88, 89, 90, 91, 92, 93, 94, 95, 96, 97, 98, 99, 100, 101, 102, 103, 104, 105, 106, 107, 108, 109, 110, 111, 112, 113, 114, 115, 116, 117, 118, 119, 120, 121, 122, 123, 124, 125, 126, 127, 128, 129, 130, 131, 132, 133, 134, 135, 136, 137, 138, 139, 140, 141, 142, 143, 144, 145, 146, 147, 148, 149, 150, 151, 152, 153, 154, 155, 156, 157, 158, 159, 160, 161, 162, 163, 164, 165, 166, 167, 168, 169, 170, 171, 172, 173, 174, 175, 176, 177, 178, 179, 180, 181, 182, 183, 184, 185, 186, 187, 188, 189, 190, 191, 192, 193, 194, 195, 196, 197, 198, 199, 200, 201, 202, 203, 204, 205, 206, 207, 208, 209, 210, 211, 212, 213, 214, 215, 216, 217, 218, 219, 220, 221, 222, 223, 224, 225, 226, 227, 228, 229, 230, 231, 232, 233, 234, 235, 236, 237, 238, 239, 240, 241, 242, 243, 244, 245, 246, 247, 248, 249, 250, 251, 252, 253, 254, 255, 256, 257, 258, 259, 260, 261, 262, 263, 264, 265, 266, 267, 268, 269, 270, 271, 272, 273, 274, 275, 276, 277, 278, 279, 280, 281, 282, 283, 284, 285, 286, 287, 288, 289, 290, 291, 292, 293, 294, 295, 296, 297, 298, 299, 300, 301, 302, 303, 304, 305, 306, 307, 308, 309, 310, 311, 312, 313, 314, 315, 316, 317, 318, 319, 320, 321, 322, 323, 324, 325, 326, 327, 328, 329, 330, 331, 332, 333, 334, 335, 336, 337, 338, 339, 340, 341, 342, 343, 344, 345, 346, 347, 348, 349, 350, 351, 352, 353, 354, 355, 356, 357, 358, 359, 360, 361, 362, 363, 364, 365, 366, 367, 368, 369, 370, 371, 372, 373, 374, 375, 376, 377, 378, 379, 380, 381, 382, 383, 384, 385, 386, 387, 388, 389, 390, 391, 392, 393, 394, 395, 396, 397, 398, 399, 400, 401, 402, 403, 404, 405, 406, 407, 408, 409, 410, 411, 412, 413, 414, 415, 416, 417, 418, 419, 420, 421, 422, 423, 424, 425, 426, 427, 428, 429, 430, 431, 432, 433, 434, 435, 436, 437, 438, 439, 440, 441, 442, 443, 444, 445, 446, 447, 448, 449, 450, 451, 452, 453, 454, 455, 456, 457, 458, 459, 460, 461, 462, 463, 464, 465, 466, 467, 468, 469, 470, 471, 472, 473, 474, 475, 476, 477, 478, 479, 480, 481, 482, 483, 484, 485, 486, 487, 488, 489, 490, 491, 492, 493, 494, 495, 496, 497, 498, 499, 500, 501, 502, 503, 504, 505, 506, 507, 508, 509, 510, 511, 512, 513, 514, 515, 516, 517, 518, 519, 520, 521, 522, 523, 524, 525, 526, 527, 528, 529, 530, 531, 532, 533, 534, 535, 536, 537, 538, 539, 540, 541, 542, 543, 544, 545, 546, 547, 548, 549, 550, 551, 552, 553, 554, 555, 556, 557, 558, 559, 560, 561, 562, 563, 564, 565, 566, 567, 568, 569, 570, 571, 572, 573, 574, 575, 576, 577, 578, 579, 580, 581, 582, 583, 584, 585, 586, 587, 588, 589, 590, 591, 592, 593, 594, 595, 596, 597, 598, 599, 600, 601, 602, 603, 604, 605, 606, 607, 608, 609, 610, 611, 612, 613, 614, 615, 616, 617, 618, 619, 620, 621, 622, 623, 624, 625, 626, 627, 628, 629, 630, 631, 632, 633, 634, 635, 636, 637, 638, 640, 641, 642, 643, 646, 647, 648, 651, 653, 655, 656, 657, 658, 659, 661, 664, 668, 670, 672, 674, 675, 676, 680, 681, 682, 685, 690, 691, 693, 695, 696, 699, 700, 703, 704, 707, 711, 712, 713, 714, 718, 721, 725, 726, 728, 729, 731, 732, 733, 738, 744, 745, 746, 749, 751, 753, 754, 756, 757, 759, 761, 762, 763, 766, 768, 770, 772, 775, 776, 780, 781, 782, 785, 788, 789, 790, 792, 794, 796, 798, 800, 801, 803, 805, 809, 815, 816, 817, 818, 820, 821, 825, 829, 830, 831, 835, 837, 838, 839, 840, 841, 845, 846, 847, 849, 850, 853, 854, 855, 860, 861, 862, 863, 865, 867, 868, 869, 870, 871, 875, 880, 882, 884, 885, 889, 890, 894, 895, 896, 900, 901, 903, 912, 913, 915, 916, 917, 928, 931, 933, 935, 936, 937, 939, 943, 944, 945, 946, 947, 948, 950, 952, 957, 958, 961, 964, 965, 966, 967, 968, 969, 970, 971, 973, 975, 977, 978, 980, 983, 984, 985, 986, 987, 989, 990, 991, 995, 997, 998, 999, 1000, 1001, 1003, 1004, 1005, 1006, 1007, 1009, 1011, 1012, 1013, 1015, 1018, 1019, 1021, 1022, 1023, 1025, 1026, 1028, 1029, 1030, 1037, 1038, 1039, 1040, 1041, 1042, 1043, 1046, 1047, 1050, 1051, 1053, 1054, 1056, 1059, 1062, 1063, 1066, 1067, 1069, 1071, 1072, 1073, 1076, 1081, 1082, 1083, 1087, 1088, 1091, 1093, 1094, 1096, 1099, 1101, 1106, 1108, 1109, 1112, 1113, 1117, 1119, 1121, 1124, 1131, 1132, 1134, 1136, 1137, 1139, 1140, 1141, 1143, 1145, 1146, 1149, 1153, 1155, 1157, 1158, 1162, 1163, 1164, 1165, 1168, 1169, 1170, 1171, 1173, 1175, 1176, 1179, 1181, 1182, 1184, 1186, 1190, 1191, 1194, 1195, 1196, 1198, 1200, 1203, 1206, 1207, 1208, 1209, 1211, 1212, 1213, 1214, 1215, 1216, 1217, 1218, 1219, 1220, 1223, 1224, 1226, 1230, 1231, 1232, 1234, 1236, 1237, 1239, 1241, 1242, 1245, 1247, 1248, 1252, 1253, 1255, 1257, 1259, 1261, 1263, 1264, 1267, 1268, 1269, 1270, 1271, 1272, 1274, 1275, 1277, 1283, 1286, 1291, 1294, 1298, 1303, 1308, 1310, 1313, 1314, 1319, 1320, 1321, 1322, 1323, 1324, 1325, 1328, 1329, 1331, 1335, 1336, 1338, 1342, 1343, 1347, 1349, 1350, 1351, 1352, 1356, 1359, 1360, 1363, 1365, 1367, 1369, 1371, 1372, 1374, 1377, 1380, 1388, 1393, 1394, 1395, 1400, 1402, 1405, 1406, 1408, 1410, 1413, 1417, 1419, 1421, 1422, 1425, 1427, 1428, 1429, 1430, 1432, 1433, 1434, 1435, 1436, 1437, 1439, 1442, 1444, 1445, 1446, 1447, 1448, 1449, 1451, 1453, 1456, 1457, 1458, 1459, 1462, 1465, 1466, 1467, 1469, 1473, 1475, 1477, 1488, 1489, 1490, 1493, 1495, 1498, 1499, 1507, 1510, 1511, 1512, 1514, 1516, 1517, 1519, 1521, 1524, 1527, 1528, 1529, 1531, 1532, 1535, 1537, 1538, 1539, 1542, 1543, 1544, 1545, 1546, 1549, 1550, 1551, 1555, 1557, 1559, 1561, 1562, 1566, 1567, 1568, 1573, 1574, 1579, 1582, 1583, 1584, 1585, 1587, 1588, 1590, 1591, 1593, 1594, 1595, 1596, 1597, 1602, 1603, 1604, 1606, 1607, 1608, 1609, 1611, 1615, 1618, 1620, 1623, 1626, 1632, 1633, 1635, 1636, 1639, 1640, 1641, 1643, 1644, 1645, 1646, 1647, 1648, 1650, 1651, 1652, 1655, 1657, 1658, 1659, 1662, 1664, 1666, 1669, 1670, 1673, 1674, 1675, 1676, 1678, 1680, 1683, 1686, 1687, 1689, 1692, 1695, 1697, 1698, 1701, 1702, 1703, 1704, 1705, 1706, 1707, 1708, 1709, 1715, 1717, 1718, 1719, 1720, 1722, 1723, 1724, 1726, 1727, 1728, 1729, 1735, 1736, 1737, 1738, 1739, 1740, 1742, 1744, 1747, 1748, 1750, 1753, 1758, 1759, 1760, 1761, 1762, 1763, 1765, 1767, 1770, 1772, 1773, 1774, 1780, 1783, 1785, 1787, 1789, 1791, 1794, 1797, 1798, 1801, 1804, 1808, 1810, 1811, 1812, 1814, 1816, 1817, 1818, 1820, 1821, 1822, 1823, 1826, 1828, 1829, 1830, 1833, 1834, 1836, 1840, 1841, 1844, 1846, 1847, 1848, 1852, 1853, 1856, 1857, 1858, 1859, 1860, 1861, 1862, 1863, 1866, 1867, 1869, 1872, 1873, 1876, 1878, 1880, 1881, 1882, 1887, 1888, 1890, 1892, 1901, 1903, 1904, 1905, 1907, 1908, 1909, 1912, 1914, 1916, 1917, 1919, 1920, 1921, 1928, 1929, 1930, 1931, 1934, 1935, 1937, 1939, 1941, 1942, 1945, 1946, 1948, 1951, 1952, 1953, 1954, 1956, 1958, 1961, 1962, 1963, 1967, 1968, 1973, 1977, 1979, 1980, 1982, 1983, 1984, 1985, 1988, 1989, 1990, 1993, 1997, 1998]
Packed_weights: [1764, 7420, 1764, 1512, 4452, 2520, 2968, 3710, 1764, 1260, 2520, 5194, 252, 2226, 2268, 1484, 2226, 252, 2968, 1484, 252, 2016, 1484, 1484, 742, 2226, 5194, 3710, 1512, 2968, 3710, 5936, 6678, 4452, 1008, 5936, 1260, 742, 1764, 3710, 4452, 2268, 3710, 1008, 2968, 504, 5194, 1764, 2520, 1260, 2520, 2016, 1512, 1764, 2226, 756, 4452, 504, 252, 2016, 2520, 252, 1260, 6678, 742, 2016, 2226, 1008, 2016, 2520, 6678, 252, 5194, 1484, 2968, 3710, 742, 1484, 3710, 2268, 1260, 2226, 742, 2968, 1008, 742, 2968, 5936, 742, 7420, 504, 1764, 1008, 742, 2016, 5936, 6678, 5194, 504, 1260, 756, 2520, 756, 2520, 3710, 252, 1484, 742, 2968, 1484, 5936, 504, 2520, 4452, 2268, 2268, 1008, 2016, 1260, 1008, 4452, 1260, 2226, 1008, 1008, 2520, 6678, 1260, 756, 2268, 2968, 742, 4452, 2268, 1764, 1008, 2968, 504, 7420, 5936, 3710, 7420, 4452, 2226, 742, 1512, 5194, 7420, 3710, 504, 5936, 504, 2968, 2226, 4452, 4452, 1512, 1008, 2520, 3710, 5194, 504, 756, 5936, 5194, 1008, 7420, 5936, 7420, 5194, 1512, 2520, 4452, 1764, 1764, 2016, 1764, 5936, 6678, 2268, 2268, 5194, 756, 6678, 756, 7420, 1484, 1512, 756, 742, 1512, 1260, 2968, 4452, 2226, 5194, 756, 5194, 2016, 2268, 5194, 3710, 2226, 6678, 1484, 1484, 2520, 252, 1484, 2520, 1008, 3710, 1260, 2016, 7420, 2016, 2520, 6678, 1008, 1484, 2968, 504, 2968, 2016, 756, 742, 504, 1512, 1764, 2268, 2226, 2268, 1764, 6678, 1484, 2520, 742, 1260, 2268, 742, 5936, 1008, 742, 2268, 6678, 1512, 1484, 7420, 2016, 756, 5936, 2520, 3710, 2016, 5936, 1260, 5936, 2968, 1260, 7420, 5194, 2268, 2268, 7420, 252, 1260, 3710, 5936, 3710, 5194, 1260, 1764, 1008, 5936, 4452, 5194, 6678, 742, 2968, 6678, 7420, 1008, 2268, 1484, 5194, 1484, 2968, 1764, 504, 1512, 2520, 504, 5936, 252, 1764, 2016, 252, 7420, 2016, 3710, 1764, 1260, 7420, 7420, 1512, 3710, 2226, 2968, 756, 2226, 1260, 2226, 2016, 504, 756, 756, 1008, 2016, 2968, 1512, 5936, 742, 6678, 5936, 2520, 6678, 6678, 252, 756, 742, 3710, 6678, 7420, 7420, 1764, 1764, 252, 252, 2268, 2016, 7420, 2520, 1484, 3710, 2268, 5936, 2016, 2016, 2520, 5936, 5936, 2226, 2968, 1484, 2226, 2016, 1008, 6678, 1512, 504, 2268, 1512, 252, 4452, 756, 504, 1260, 2520, 1484, 1764, 5194, 6678, 4452, 2520, 504, 3710, 3710, 7420, 4452, 1008, 1260, 1512, 756, 5194, 6678, 1260, 6678, 756, 5194, 2016, 742, 2016, 7420, 756, 2268, 4452, 5194, 742, 2968, 4452, 1512, 504, 1764, 1512, 2268, 756, 1484, 6678, 504, 4452, 2968, 756, 2226, 2268, 1260, 1764, 2968, 2968, 4452, 1512, 5936, 1260, 252, 2016, 1512, 1008, 4452, 3710, 5194, 2226, 5936, 1512, 4452, 756, 5936, 1484, 5936, 2226, 1512, 2968, 2520, 756, 504, 756, 2226, 2968, 2968, 3710, 1764, 2226, 742, 1512, 2520, 1484, 1484, 252, 2520, 742, 1008, 1484, 2268, 504, 5194, 2268, 2968, 252, 504, 1764, 5936, 5194, 2016, 1260, 5194, 2226, 1764, 756, 1484, 6678, 6678, 756, 5194, 1260, 252, 252, 1764, 2968, 1260, 742, 1764, 2016, 5936, 7420, 5936, 742, 1260, 2016, 2968, 3710, 1512, 252, 504, 742, 7420, 1008, 252, 6678, 742, 6678, 2016, 2016, 1512, 5936, 252, 1512, 756, 4452, 1484, 756, 1260, 1008, 2520, 5936, 3710, 1260, 1008, 5936, 3710, 1260, 5194, 4452, 1484, 2268, 252, 2016, 7420, 1484, 252, 1260, 1512, 1008, 2268, 4452, 1512, 2968, 1512, 1484, 1764, 1008, 2268, 6678, 3710, 2226, 2520, 504, 5194, 2968, 1260, 2968, 756, 2226, 2226, 2016, 1512, 756, 2968, 2968, 5194, 2016, 742, 1764, 5194, 5936, 252, 3710, 1484, 5194, 4452, 6678, 504, 742, 2268, 2968, 1484, 1260, 3710, 3710, 4452, 2226, 5936, 1764, 4452, 2268, 2968, 7420, 2968, 756, 5194, 2016, 252, 2968, 756, 252, 504, 742, 756, 1008, 2968, 2968, 3710, 2226, 1008, 1512, 6678, 5194, 1512, 2968, 2520, 2968, 2968, 756, 1512, 1512, 1764, 1260, 1764, 504, 1764, 3710, 742, 4452, 5936, 7420, 1484, 2016, 5194, 2268, 756, 5936, 4452, 6678, 1764, 2226, 756, 6678, 5936, 2520, 1260, 2016, 1008, 1512, 504, 2016, 756, 504, 2520, 2268, 756, 2520, 1764, 1512, 1764, 252, 2520, 504, 1260, 504, 2268, 2268, 504, 252, 1008, 1764, 2016, 252, 2268, 1764, 2016, 1512, 1764, 252, 1008, 1512, 1512, 2520, 2016, 1260, 1512, 1260, 1008, 2520, 504, 1764, 2268, 504, 2016, 2016, 1764, 1512, 2268, 1260, 2268, 2520, 756, 504, 756, 2520, 2520, 2016, 2016, 504, 1008, 2268, 1764, 2016, 1764, 2016, 1764, 756, 2268, 252, 504, 1008, 1008, 2016, 252, 504, 1260, 1008, 1512, 756, 2016, 2268, 2268, 1260, 1008, 2016, 252, 1008, 1512, 2520, 2520, 2268, 2268, 1260, 1008, 756, 1764, 1764, 2016, 1260, 1008, 2520, 504, 504, 2268, 252, 756, 504, 1512, 1260, 252, 756, 2268, 1512, 2268, 2520, 1260, 2268, 1260, 1008, 2268, 1764, 756, 1260, 1512, 504, 1008, 756, 1764, 1764, 2520, 252, 1764, 2520, 756, 2016, 1008, 2016, 1008, 2268, 1008, 2268, 2268, 252, 504, 1260, 1764, 2268, 1764, 504, 1512, 504, 2520, 1512, 2268, 252, 2016, 2520, 2520, 2520, 1512, 1260, 504, 252, 2520, 1008, 2016, 1764, 2520, 2520, 2016, 1260, 2268, 1260, 1764, 756, 1764, 1008, 2520, 1260, 252, 252, 504, 756, 2268, 2268, 2268, 756, 2520, 756, 1764, 2268, 504, 1260, 1764, 252, 756, 252, 252, 1260, 2016, 2268, 2520, 252, 1260, 1008, 2268, 1512, 1008, 756, 1764, 2520, 1764, 252, 504, 504, 1008, 504, 1764, 252, 2268, 504, 1512, 1512, 2520, 2520, 2016, 2520, 2016, 2016, 756, 756, 504, 2520, 1512, 504, 252, 504, 1512, 1260, 1008, 1008, 756, 2520, 1008, 1764, 1008, 756, 1512, 1512, 1512, 756, 1260, 1764, 2016, 2016, 1260, 756, 2016, 252, 1512, 504, 252, 2520, 1260, 1512, 2016, 1008, 1512, 2268, 756, 1512, 1008, 2268, 2016, 1008, 504, 1512, 1260, 1512, 2520, 756, 1008, 2520, 2016, 504, 2268, 1764, 756, 1260, 2520, 252, 252, 504, 252, 756, 504, 2520, 252, 1260, 504, 504, 1512, 2016, 1260, 2016, 1008, 2016, 2520, 756, 756, 756, 252, 756, 2520, 1260, 252, 504, 1764, 1764, 1008, 1008, 1008, 2268, 252, 1260, 1008, 2016, 2016, 1260, 2016, 1008, 252, 1764, 1512, 2016, 1260, 1008, 1764, 2268, 2520, 2016, 1008, 2520, 1764, 2520, 2520, 1260, 2016, 756, 2520, 252, 1008, 1512, 252, 252, 2016, 756, 2016, 1764, 2520, 1008, 2016, 2016, 756, 1512, 1764, 1008, 1008, 1008, 2268, 1260, 1512, 1764, 1260, 1008, 504, 1764, 1764, 252, 1764, 756, 504, 1512, 1764, 2016, 1008, 252, 1512, 1764, 2016, 2016, 1008, 252, 2268, 2520, 1008, 1764, 2016, 252, 252, 1008, 504, 1008, 2268, 756, 756, 1260, 1008, 1260, 1008, 1260, 1764, 1512, 756, 756, 1008, 2268, 2520, 756, 2016, 756, 2520, 2016, 756, 2520, 756, 756, 252, 1260, 1512, 756, 1260, 252, 1008, 504, 2520, 1512, 1260, 252, 504, 504, 2520, 1512, 252, 1260, 756, 2520, 2268, 2016, 2016, 1260, 2268, 504, 1512, 1764, 1512, 1764, 504, 252, 1260, 1260, 2268, 1260, 756, 756, 1512, 1512, 2520, 756, 252, 2520, 1512, 504, 756, 252, 1260, 1512, 1512, 2520, 1008, 1764, 2016, 1764, 1008, 2268, 756, 2016, 1512, 1512, 1512, 1008, 1764, 252, 2016, 1764, 1512, 1764, 2268, 2016, 252, 504, 1260, 1512, 1764, 2016, 504, 1008, 756, 1008, 2520, 1008, 504, 2520, 504, 2268, 1764, 252, 252, 2268, 756, 1512, 504, 1764, 2268, 1008, 1260, 1008, 1008, 756, 252, 1512, 1512, 2520, 1764, 1764, 1512, 252, 2016, 2268, 2268, 1260, 1512, 2268, 1260, 2520, 1260, 504, 504, 1512, 252, 1512, 504, 756, 2016, 1008, 252, 1512, 1008, 1008, 2016, 2520, 1008, 1512, 252, 756, 2268, 756, 2016, 252, 1260, 1512, 2016, 1512, 1512, 504, 1260, 2520, 1764, 1008, 2520, 2268, 2016, 1008, 1512, 252, 1764, 756, 1008, 2016, 1008, 252, 2016, 1260, 1008, 756, 756, 1008, 2520, 252, 1764, 1764, 1008, 756, 1512, 2268, 2520, 1512, 1764, 1008, 252, 2520, 756, 504, 2016, 1008, 1260, 2520, 504, 252, 1260, 756, 252, 2520, 756, 2016, 1764, 1512, 756, 2268, 1008, 1008, 2520, 756, 756, 2016, 1260, 1008, 1512, 1008, 1512, 756, 2520, 504, 756, 1260, 2268, 2520, 756, 1512, 1260, 1512, 2016, 1764, 1512, 1764, 2520, 1008, 2520, 1764, 2016, 2268, 1764, 2016, 504, 2520, 2268, 504, 756, 1764, 756, 2520, 756, 1008, 2268, 1008, 756, 2520]
================================================================================================
D:\kplib\07SpannerUncorrelated\n05000\R10000\s092.kp
e - s = 179.92755436897278
e - s <= 170.0: False
Capacity = 7009228
Total value = 6720813
Total weight: 7009035
Packed items: [0, 1, 3, 4, 5, 6, 7, 9, 10, 11, 14, 16, 19, 20, 21, 23, 25, 29, 31, 33, 34, 35, 36, 37, 42, 43, 44, 45, 46, 48, 49, 50, 53, 54, 56, 57, 66, 69, 71, 73, 74, 75, 76, 77, 84, 87, 89, 92, 95, 96, 97, 98, 99, 100, 102, 103, 104, 105, 106, 108, 109, 110, 114, 117, 118, 119, 121, 122, 124, 125, 126, 129, 132, 134, 137, 138, 140, 144, 146, 147, 149, 152, 160, 161, 162, 168, 169, 170, 171, 177, 180, 182, 183, 184, 185, 186, 187, 188, 190, 191, 192, 194, 195, 197, 198, 200, 203, 206, 207, 210, 211, 214, 216, 218, 220, 222, 223, 224, 225, 226, 228, 230, 231, 235, 236, 237, 238, 239, 240, 241, 242, 245, 246, 247, 249, 252, 254, 256, 258, 263, 265, 268, 270, 271, 272, 273, 274, 276, 277, 278, 279, 280, 281, 282, 283, 285, 287, 289, 290, 291, 298, 300, 302, 307, 308, 311, 315, 317, 324, 329, 331, 333, 335, 337, 338, 339, 341, 342, 344, 345, 346, 348, 352, 354, 355, 357, 359, 360, 361, 364, 366, 370, 371, 372, 373, 374, 377, 386, 387, 389, 390, 391, 397, 398, 401, 402, 404, 405, 406, 408, 409, 410, 412, 413, 414, 415, 416, 419, 420, 422, 424, 427, 429, 432, 434, 435, 436, 438, 442, 444, 446, 449, 451, 453, 454, 455, 456, 457, 458, 460, 463, 464, 465, 466, 468, 469, 476, 477, 478, 479, 481, 482, 484, 485, 488, 489, 490, 491, 493, 494, 496, 497, 498, 499, 500, 501, 502, 505, 507, 510, 513, 515, 516, 518, 520, 522, 523, 526, 527, 529, 530, 533, 534, 535, 538, 539, 541, 542, 546, 547, 549, 551, 554, 557, 558, 560, 561, 562, 566, 567, 569, 570, 571, 577, 578, 583, 585, 586, 588, 590, 591, 592, 593, 596, 597, 598, 599, 600, 601, 603, 604, 605, 607, 611, 612, 613, 615, 616, 617, 618, 619, 622, 623, 626, 629, 630, 631, 635, 636, 637, 639, 640, 647, 648, 649, 651, 656, 658, 659, 662, 663, 664, 667, 670, 671, 672, 674, 675, 679, 680, 681, 684, 686, 687, 688, 691, 692, 695, 696, 697, 700, 702, 703, 704, 707, 709, 712, 714, 718, 719, 720, 721, 723, 724, 725, 728, 730, 731, 735, 736, 738, 739, 744, 745, 746, 748, 749, 752, 754, 756, 757, 758, 759, 760, 761, 765, 766, 768, 775, 778, 781, 783, 784, 786, 791, 792, 794, 796, 797, 798, 799, 800, 801, 804, 806, 809, 812, 814, 815, 817, 818, 820, 822, 824, 828, 829, 830, 831, 832, 833, 835, 836, 837, 838, 841, 842, 843, 844, 845, 846, 848, 851, 852, 853, 854, 855, 856, 857, 862, 863, 865, 866, 868, 869, 870, 875, 879, 881, 888, 889, 891, 892, 897, 900, 904, 907, 908, 909, 911, 912, 917, 918, 919, 920, 923, 924, 926, 928, 930, 931, 932, 935, 940, 943, 947, 948, 952, 954, 956, 958, 959, 961, 962, 963, 965, 968, 970, 971, 973, 978, 979, 981, 984, 985, 986, 987, 988, 993, 996, 997, 998, 999, 1001, 1002, 1006, 1010, 1011, 1012, 1013, 1015, 1018, 1019, 1020, 1021, 1024, 1029, 1030, 1035, 1040, 1041, 1044, 1046, 1047, 1048, 1049, 1055, 1059, 1063, 1064, 1066, 1067, 1069, 1072, 1074, 1075, 1076, 1079, 1080, 1081, 1082, 1083, 1084, 1085, 1086, 1089, 1090, 1091, 1094, 1097, 1098, 1099, 1100, 1102, 1106, 1109, 1110, 1112, 1115, 1116, 1119, 1120, 1121, 1122, 1123, 1126, 1127, 1128, 1129, 1131, 1132, 1133, 1135, 1139, 1141, 1142, 1145, 1147, 1148, 1151, 1152, 1157, 1158, 1159, 1160, 1161, 1166, 1168, 1171, 1172, 1177, 1180, 1182, 1184, 1185, 1186, 1191, 1193, 1194, 1195, 1197, 1199, 1200, 1201, 1205, 1206, 1208, 1210, 1217, 1218, 1221, 1223, 1226, 1227, 1229, 1231, 1234, 1237, 1238, 1239, 1242, 1245, 1247, 1248, 1252, 1255, 1256, 1258, 1260, 1263, 1264, 1265, 1267, 1268, 1272, 1273, 1274, 1275, 1279, 1281, 1282, 1283, 1286, 1289, 1291, 1293, 1295, 1296, 1297, 1300, 1304, 1305, 1307, 1308, 1311, 1313, 1315, 1316, 1317, 1320, 1323, 1324, 1326, 1329, 1332, 1333, 1334, 1336, 1337, 1338, 1340, 1343, 1346, 1347, 1349, 1350, 1353, 1355, 1356, 1359, 1361, 1362, 1366, 1367, 1368, 1369, 1373, 1375, 1382, 1383, 1390, 1392, 1395, 1398, 1399, 1402, 1403, 1404, 1406, 1408, 1413, 1415, 1419, 1420, 1421, 1423, 1424, 1425, 1429, 1433, 1436, 1441, 1446, 1453, 1454, 1457, 1458, 1462, 1466, 1467, 1468, 1469, 1470, 1472, 1473, 1475, 1476, 1477, 1480, 1484, 1487, 1490, 1492, 1493, 1494, 1495, 1496, 1499, 1500, 1501, 1502, 1504, 1505, 1512, 1516, 1517, 1523, 1525, 1527, 1529, 1532, 1533, 1534, 1537, 1538, 1542, 1545, 1546, 1547, 1550, 1551, 1553, 1556, 1557, 1558, 1559, 1560, 1562, 1564, 1566, 1567, 1568, 1571, 1575, 1576, 1577, 1585, 1589, 1590, 1595, 1598, 1599, 1600, 1602, 1603, 1607, 1608, 1611, 1612, 1616, 1618, 1619, 1620, 1623, 1624, 1625, 1626, 1627, 1630, 1631, 1633, 1635, 1636, 1638, 1640, 1642, 1647, 1648, 1649, 1651, 1652, 1653, 1658, 1662, 1663, 1665, 1667, 1668, 1669, 1677, 1679, 1680, 1684, 1686, 1687, 1688, 1690, 1691, 1694, 1695, 1696, 1702, 1703, 1707, 1709, 1710, 1711, 1712, 1714, 1717, 1718, 1719, 1720, 1721, 1724, 1728, 1729, 1730, 1731, 1733, 1735, 1736, 1739, 1742, 1743, 1744, 1745, 1746, 1749, 1750, 1754, 1755, 1756, 1757, 1764, 1765, 1770, 1772, 1773, 1775, 1776, 1779, 1780, 1782, 1783, 1785, 1786, 1787, 1788, 1789, 1790, 1791, 1795, 1797, 1803, 1804, 1812, 1813, 1814, 1816, 1818, 1819, 1821, 1824, 1828, 1829, 1830, 1842, 1843, 1845, 1848, 1850, 1860, 1861, 1865, 1866, 1867, 1868, 1869, 1870, 1876, 1877, 1878, 1880, 1882, 1883, 1884, 1885, 1886, 1887, 1888, 1890, 1891, 1892, 1894, 1896, 1897, 1900, 1901, 1902, 1904, 1906, 1909, 1911, 1912, 1913, 1915, 1918, 1919, 1920, 1924, 1928, 1942, 1944, 1946, 1947, 1952, 1953, 1954, 1955, 1956, 1961, 1962, 1964, 1965, 1966, 1967, 1968, 1970, 1971, 1979, 1982, 1987, 1988, 1989, 1990, 1993, 1994, 1996, 1999, 2001, 2004, 2008, 2009, 2010, 2011, 2013, 2017, 2020, 2021, 2022, 2025, 2028, 2031, 2032, 2033, 2034, 2035, 2036, 2038, 2041, 2047, 2048, 2049, 2052, 2053, 2054, 2060, 2062, 2063, 2064, 2065, 2066, 2067, 2069, 2071, 2072, 2073, 2074, 2075, 2080, 2081, 2083, 2087, 2088, 2091, 2095, 2098, 2101, 2105, 2107, 2110, 2112, 2116, 2117, 2118, 2123, 2124, 2125, 2126, 2127, 2128, 2129, 2131, 2132, 2135, 2137, 2139, 2142, 2144, 2146, 2147, 2148, 2149, 2152, 2153, 2157, 2158, 2159, 2161, 2162, 2163, 2164, 2168, 2169, 2171, 2179, 2180, 2182, 2183, 2184, 2185, 2188, 2190, 2192, 2193, 2195, 2196, 2197, 2198, 2199, 2200, 2202, 2203, 2208, 2209, 2211, 2212, 2214, 2216, 2217, 2218, 2223, 2224, 2225, 2226, 2227, 2230, 2231, 2232, 2235, 2237, 2239, 2243, 2245, 2249, 2250, 2251, 2252, 2253, 2254, 2255, 2256, 2258, 2259, 2262, 2265, 2268, 2269, 2270, 2272, 2273, 2274, 2275, 2276, 2277, 2284, 2287, 2288, 2289, 2290, 2294, 2295, 2297, 2298, 2299, 2300, 2301, 2304, 2305, 2308, 2309, 2310, 2312, 2314, 2315, 2316, 2317, 2318, 2320, 2321, 2325, 2327, 2328, 2329, 2331, 2333, 2334, 2335, 2336, 2337, 2338, 2339, 2341, 2342, 2343, 2344, 2347, 2349, 2350, 2351, 2352, 2354, 2357, 2358, 2359, 2360, 2361, 2363, 2364, 2365, 2366, 2367, 2369, 2370, 2371, 2372, 2374, 2375, 2377, 2379, 2382, 2383, 2384, 2386, 2387, 2388, 2390, 2391, 2395, 2396, 2398, 2400, 2402, 2403, 2404, 2408, 2409, 2413, 2414, 2416, 2419, 2423, 2426, 2428, 2430, 2431, 2433, 2434, 2437, 2439, 2442, 2457, 2460, 2462, 2465, 2468, 2470, 2475, 2476, 2477, 2479, 2483, 2484, 2486, 2488, 2489, 2491, 2492, 2498, 2499, 2501, 2502, 2503, 2506, 2507, 2509, 2511, 2515, 2521, 2522, 2523, 2524, 2525, 2528, 2529, 2531, 2535, 2536, 2538, 2539, 2540, 2541, 2542, 2544, 2546, 2550, 2552, 2558, 2562, 2563, 2565, 2566, 2570, 2571, 2572, 2579, 2580, 2581, 2582, 2583, 2587, 2588, 2589, 2596, 2599, 2603, 2604, 2605, 2606, 2607, 2608, 2609, 2610, 2611, 2617, 2621, 2623, 2625, 2627, 2628, 2629, 2633, 2635, 2636, 2637, 2639, 2640, 2643, 2644, 2646, 2654, 2655, 2658, 2659, 2666, 2668, 2670, 2672, 2673, 2674, 2677, 2678, 2684, 2691, 2697, 2698, 2702, 2704, 2705, 2706, 2707, 2708, 2715, 2716, 2721, 2722, 2723, 2725, 2727, 2728, 2729, 2730, 2731, 2732, 2734, 2736, 2737, 2738, 2740, 2743, 2745, 2748, 2750, 2751, 2760, 2763, 2764, 2768, 2769, 2771, 2773, 2778, 2779, 2780, 2782, 2783, 2787, 2789, 2790, 2792, 2794, 2796, 2797, 2798, 2799, 2802, 2804, 2805, 2806, 2810, 2811, 2812, 2813, 2815, 2816, 2817, 2819, 2824, 2825, 2827, 2828, 2829, 2831, 2838, 2840, 2842, 2843, 2844, 2845, 2846, 2849, 2850, 2851, 2853, 2854, 2856, 2857, 2858, 2861, 2862, 2864, 2865, 2866, 2868, 2869, 2874, 2877, 2879, 2881, 2882, 2883, 2885, 2886, 2891, 2892, 2893, 2897, 2902, 2904, 2905, 2908, 2909, 2910, 2911, 2912, 2924, 2925, 2927, 2928, 2930, 2932, 2933, 2934, 2937, 2938, 2939, 2943, 2944, 2949, 2951, 2955, 2956, 2957, 2958, 2960, 2962, 2965, 2966, 2969, 2971, 2972, 2973, 2976, 2977, 2978, 2981, 2984, 2985, 2986, 2987, 2991, 2994, 2995, 2997, 2999, 3002, 3006, 3007, 3008, 3010, 3012, 3014, 3018, 3019, 3020, 3021, 3025, 3029, 3031, 3032, 3033, 3034, 3035, 3037, 3039, 3041, 3042, 3046, 3048, 3050, 3051, 3052, 3054, 3055, 3056, 3057, 3059, 3061, 3062, 3065, 3066, 3067, 3069, 3075, 3076, 3077, 3083, 3086, 3087, 3089, 3090, 3092, 3093, 3094, 3096, 3097, 3104, 3106, 3119, 3120, 3121, 3122, 3123, 3125, 3129, 3131, 3133, 3134, 3135, 3138, 3141, 3143, 3146, 3147, 3150, 3155, 3156, 3163, 3164, 3165, 3166, 3167, 3171, 3172, 3177, 3179, 3183, 3184, 3186, 3187, 3190, 3191, 3193, 3194, 3196, 3197, 3200, 3206, 3207, 3209, 3213, 3216, 3217, 3219, 3221, 3223, 3224, 3225, 3227, 3231, 3233, 3234, 3236, 3237, 3239, 3241, 3244, 3246, 3247, 3249, 3250, 3251, 3252, 3255, 3256, 3257, 3261, 3271, 3274, 3278, 3282, 3284, 3286, 3287, 3288, 3289, 3294, 3295, 3296, 3299, 3303, 3307, 3310, 3313, 3314, 3317, 3320, 3323, 3327, 3328, 3329, 3333, 3335, 3336, 3341, 3343, 3344, 3345, 3346, 3348, 3350, 3351, 3353, 3354, 3355, 3356, 3357, 3358, 3361, 3365, 3366, 3367, 3368, 3370, 3371, 3372, 3376, 3379, 3380, 3383, 3386, 3387, 3389, 3390, 3391, 3392, 3394, 3396, 3398, 3400, 3403, 3404, 3405, 3408, 3411, 3412, 3415, 3416, 3417, 3419, 3420, 3423, 3425, 3428, 3429, 3431, 3434, 3440, 3443, 3444, 3449, 3450, 3451, 3456, 3459, 3461, 3463, 3466, 3469, 3470, 3471, 3472, 3473, 3476, 3482, 3483, 3484, 3485, 3487, 3488, 3492, 3494, 3497, 3498, 3499, 3501, 3504, 3505, 3507, 3508, 3509, 3510, 3512, 3514, 3515, 3516, 3518, 3519, 3520, 3521, 3522, 3532, 3533, 3534, 3536, 3537, 3542, 3543, 3545, 3551, 3553, 3555, 3556, 3557, 3558, 3559, 3562, 3564, 3565, 3566, 3567, 3569, 3571, 3574, 3575, 3576, 3579, 3580, 3583, 3585, 3586, 3588, 3590, 3591, 3592, 3595, 3596, 3597, 3600, 3605, 3607, 3608, 3610, 3611, 3612, 3613, 3614, 3616, 3617, 3618, 3619, 3621, 3622, 3623, 3628, 3629, 3630, 3633, 3635, 3637, 3641, 3644, 3645, 3646, 3647, 3648, 3657, 3658, 3662, 3666, 3668, 3671, 3673, 3676, 3678, 3679, 3684, 3685, 3690, 3691, 3693, 3696, 3697, 3698, 3700, 3701, 3704, 3707, 3709, 3711, 3713, 3716, 3717, 3718, 3719, 3722, 3724, 3727, 3728, 3730, 3733, 3734, 3735, 3737, 3738, 3741, 3743, 3746, 3749, 3750, 3751, 3753, 3754, 3755, 3757, 3758, 3760, 3761, 3763, 3765, 3766, 3768, 3770, 3775, 3777, 3779, 3783, 3785, 3786, 3788, 3793, 3799, 3802, 3803, 3805, 3807, 3814, 3816, 3817, 3823, 3826, 3827, 3831, 3833, 3837, 3838, 3839, 3845, 3847, 3848, 3849, 3850, 3852, 3853, 3857, 3859, 3860, 3861, 3863, 3865, 3870, 3875, 3877, 3878, 3881, 3885, 3887, 3888, 3890, 3891, 3893, 3895, 3898, 3900, 3901, 3902, 3903, 3904, 3906, 3907, 3908, 3909, 3910, 3911, 3912, 3915, 3916, 3917, 3921, 3922, 3924, 3928, 3929, 3931, 3932, 3934, 3935, 3936, 3940, 3941, 3942, 3943, 3947, 3949, 3950, 3951, 3952, 3953, 3954, 3956, 3957, 3958, 3960, 3961, 3962, 3965, 3966, 3972, 3974, 3976, 3978, 3981, 3982, 3983, 3985, 3986, 3987, 3991, 3993, 3994, 3995, 3996, 3997, 4001, 4002, 4004, 4007, 4008, 4010, 4011, 4012, 4013, 4015, 4016, 4018, 4019, 4020, 4024, 4026, 4028, 4029, 4031, 4032, 4035, 4036, 4037, 4038, 4039, 4041, 4042, 4043, 4044, 4045, 4046, 4048, 4056, 4057, 4059, 4060, 4062, 4063, 4067, 4069, 4071, 4072, 4074, 4080, 4081, 4082, 4087, 4089, 4093, 4103, 4105, 4106, 4108, 4109, 4111, 4112, 4113, 4114, 4116, 4119, 4120, 4122, 4125, 4128, 4132, 4134, 4136, 4137, 4139, 4140, 4143, 4145, 4146, 4153, 4154, 4156, 4157, 4158, 4159, 4160, 4161, 4163, 4164, 4165, 4166, 4167, 4170, 4171, 4174, 4175, 4176, 4178, 4181, 4182, 4185, 4187, 4188, 4193, 4194, 4195, 4196, 4200, 4201, 4203, 4204, 4205, 4207, 4210, 4211, 4217, 4218, 4219, 4221, 4224, 4227, 4228, 4233, 4234, 4237, 4242, 4246, 4247, 4253, 4255, 4257, 4258, 4259, 4263, 4264, 4265, 4268, 4269, 4270, 4274, 4283, 4291, 4292, 4297, 4298, 4304, 4305, 4307, 4308, 4312, 4313, 4315, 4317, 4321, 4322, 4323, 4325, 4326, 4327, 4328, 4330, 4331, 4335, 4336, 4337, 4340, 4342, 4347, 4348, 4349, 4350, 4351, 4354, 4355, 4357, 4358, 4360, 4361, 4362, 4365, 4366, 4368, 4370, 4372, 4379, 4380, 4382, 4383, 4385, 4386, 4388, 4389, 4391, 4392, 4395, 4397, 4401, 4402, 4403, 4404, 4406, 4407, 4409, 4410, 4411, 4412, 4413, 4414, 4419, 4420, 4421, 4422, 4426, 4427, 4429, 4430, 4431, 4432, 4433, 4434, 4435, 4440, 4443, 4445, 4446, 4448, 4454, 4455, 4456, 4459, 4460, 4461, 4465, 4473, 4474, 4475, 4476, 4477, 4478, 4480, 4481, 4482, 4483, 4484, 4485, 4486, 4487, 4490, 4493, 4496, 4497, 4500, 4505, 4514, 4515, 4517, 4519, 4520, 4523, 4527, 4529, 4535, 4536, 4537, 4539, 4541, 4542, 4543, 4544, 4550, 4551, 4552, 4553, 4554, 4555, 4556, 4558, 4560, 4561, 4563, 4564, 4565, 4566, 4571, 4573, 4575, 4576, 4578, 4580, 4582, 4583, 4584, 4585, 4586, 4588, 4590, 4593, 4594, 4596, 4597, 4598, 4602, 4603, 4605, 4606, 4607, 4611, 4618, 4620, 4621, 4623, 4624, 4625, 4627, 4628, 4630, 4631, 4633, 4635, 4638, 4639, 4641, 4642, 4644, 4645, 4647, 4649, 4650, 4660, 4662, 4664, 4665, 4669, 4671, 4677, 4678, 4682, 4685, 4687, 4689, 4690, 4692, 4693, 4696, 4697, 4698, 4700, 4702, 4706, 4708, 4709, 4710, 4711, 4715, 4720, 4721, 4726, 4728, 4729, 4730, 4732, 4736, 4738, 4739, 4743, 4745, 4747, 4748, 4749, 4756, 4758, 4759, 4762, 4764, 4768, 4770, 4771, 4773, 4774, 4775, 4776, 4783, 4784, 4786, 4789, 4793, 4795, 4796, 4798, 4799, 4802, 4805, 4809, 4810, 4811, 4812, 4815, 4817, 4820, 4822, 4825, 4827, 4828, 4831, 4833, 4835, 4837, 4838, 4839, 4841, 4844, 4846, 4848, 4851, 4852, 4853, 4854, 4857, 4859, 4860, 4862, 4864, 4867, 4869, 4870, 4872, 4873, 4875, 4878, 4881, 4882, 4884, 4886, 4889, 4891, 4893, 4896, 4900]
Packed_weights: [4815, 3745, 4815, 3210, 535, 3745, 1070, 2675, 4280, 3745, 5350, 1605, 1605, 5350, 4815, 3745, 5350, 3210, 1605, 3745, 5350, 4815, 5350, 3210, 2675, 2140, 4815, 2675, 3210, 4280, 1070, 4280, 4815, 4280, 535, 1605, 2140, 5350, 2675, 535, 1605, 1605, 3745, 4815, 535, 4280, 1605, 1605, 1605, 3745, 3210, 2140, 3745, 2675, 3210, 5350, 4815, 4815, 535, 4280, 3745, 5350, 2675, 3210, 4815, 2140, 2675, 3745, 3210, 5350, 2675, 2675, 1605, 2140, 2675, 1605, 1605, 3210, 4280, 3745, 2140, 3210, 2140, 1605, 1070, 3745, 1605, 2675, 3210, 2675, 5350, 2140, 535, 4815, 2675, 2140, 2140, 1605, 3210, 535, 1605, 4815, 3210, 2140, 535, 535, 1070, 1070, 535, 3210, 1070, 2140, 535, 535, 1605, 1070, 4280, 4280, 3210, 2140, 2140, 4280, 1070, 4280, 2140, 3745, 3745, 3745, 2140, 535, 1070, 1070, 2675, 4815, 3210, 1605, 3210, 4280, 535, 5350, 1605, 3210, 3210, 2675, 1070, 3210, 1605, 3210, 1070, 3210, 2140, 1605, 5350, 1605, 2675, 3745, 2140, 4280, 2675, 3745, 4280, 1070, 1605, 2675, 4815, 1070, 4280, 4815, 3745, 2140, 2675, 2675, 4280, 2675, 4815, 3210, 4815, 3210, 4280, 535, 535, 3210, 1605, 1605, 5350, 1070, 1605, 3210, 5350, 1070, 3745, 4280, 2675, 1605, 4280, 2140, 535, 3210, 3745, 3210, 2140, 4280, 1070, 3210, 5350, 3210, 2675, 3745, 3210, 5350, 4280, 2140, 5350, 3745, 2140, 2140, 2675, 3210, 535, 1070, 4280, 4815, 4815, 2675, 1070, 5350, 3745, 1070, 2675, 4815, 2140, 3210, 2675, 4815, 3210, 1070, 535, 2140, 3210, 535, 2140, 1605, 5350, 2140, 1605, 1070, 1070, 4815, 1070, 4280, 3745, 5350, 535, 4815, 3745, 4815, 535, 5350, 4815, 3210, 3745, 1070, 5350, 2675, 3210, 2140, 3210, 2675, 3210, 1605, 4280, 5350, 535, 1605, 1605, 1070, 1605, 3745, 4815, 2675, 2675, 3210, 4280, 2675, 3210, 2675, 1070, 2140, 2140, 4815, 4815, 3745, 2140, 4815, 2675, 2140, 1070, 535, 535, 2675, 5350, 2140, 2140, 2675, 1070, 2675, 4815, 3210, 1605, 1605, 5350, 2140, 1070, 3745, 3745, 2140, 2675, 2140, 4280, 4815, 2140, 4280, 4280, 2675, 4280, 4280, 535, 2140, 2675, 3210, 5350, 1605, 2675, 2140, 1605, 4280, 4815, 1070, 1070, 1605, 3210, 4280, 1070, 1605, 1605, 5350, 2675, 535, 3210, 3210, 4815, 1605, 535, 4815, 2140, 1070, 2675, 1070, 2675, 4280, 1605, 5350, 4280, 4280, 2140, 2140, 1070, 1070, 535, 1605, 2675, 3745, 1605, 1605, 4280, 1070, 5350, 5350, 535, 535, 2140, 4815, 2675, 2675, 1605, 3210, 1070, 5350, 1605, 535, 1070, 1070, 1605, 2140, 535, 2675, 3210, 3210, 3210, 1605, 3210, 2675, 4280, 3745, 2675, 1070, 4815, 2675, 1605, 535, 2140, 4815, 535, 535, 5350, 1070, 1070, 5350, 535, 2140, 2140, 1605, 3745, 5350, 4815, 5350, 5350, 4280, 3745, 1605, 5350, 535, 4280, 5350, 5350, 4280, 3745, 4815, 3745, 3210, 2675, 2140, 5350, 4280, 535, 4280, 535, 1070, 4280, 4815, 3745, 1605, 2675, 4815, 535, 1605, 3210, 3210, 2140, 3745, 1070, 535, 2675, 1605, 2675, 2140, 2675, 3210, 535, 5350, 1070, 4815, 1605, 3210, 2675, 1070, 1605, 2675, 2675, 4280, 535, 2675, 3745, 535, 4280, 3210, 4280, 4280, 4815, 1070, 2140, 1070, 1070, 4280, 5350, 2140, 5350, 3210, 4815, 2675, 5350, 3745, 2675, 2675, 535, 5350, 1070, 3210, 3210, 2140, 2675, 4815, 4815, 4815, 2140, 4815, 2140, 2140, 535, 4280, 1070, 4815, 1070, 4815, 1605, 4280, 1070, 535, 3745, 2675, 4280, 2675, 3745, 1605, 1605, 2140, 3745, 4815, 3210, 2675, 2140, 1070, 535, 1605, 3745, 3210, 5350, 2675, 5350, 1605, 4280, 4280, 2675, 1605, 1070, 3745, 5350, 2675, 535, 4280, 2140, 1605, 2140, 3745, 4280, 4280, 1070, 535, 3210, 4815, 4280, 3210, 5350, 2140, 2140, 5350, 4815, 535, 535, 3745, 3745, 1070, 535, 4815, 3210, 2675, 3745, 1605, 3745, 535, 2675, 1605, 5350, 4815, 3210, 2675, 1605, 1070, 535, 1605, 4280, 4815, 4815, 4815, 2675, 2140, 4815, 1070, 1070, 3745, 1605, 5350, 2140, 5350, 4280, 2675, 4280, 3745, 4280, 2140, 4280, 4280, 5350, 2675, 4815, 3210, 3210, 535, 535, 4280, 3745, 2675, 3745, 535, 535, 3745, 1070, 1070, 3210, 5350, 535, 5350, 1605, 2140, 5350, 2140, 2675, 4815, 535, 2140, 5350, 4815, 5350, 2675, 1605, 4280, 1605, 3210, 2675, 4280, 3210, 2140, 5350, 4280, 535, 2140, 3210, 5350, 1070, 2675, 3745, 2675, 1070, 3210, 1070, 4280, 1070, 2675, 4280, 5350, 2675, 3210, 1070, 535, 2140, 2140, 4815, 5350, 1605, 2675, 3210, 5350, 3745, 5350, 2675, 3745, 1070, 2140, 2140, 535, 1605, 1605, 2675, 4815, 535, 4815, 3210, 535, 2675, 3210, 2675, 3210, 3210, 3210, 2140, 3210, 2140, 1070, 535, 2675, 3745, 3745, 1605, 1605, 5350, 2675, 2675, 2675, 3210, 4280, 4280, 2140, 2675, 4815, 3745, 4280, 2675, 3210, 4280, 1070, 3210, 1070, 2140, 535, 2140, 1605, 4280, 1070, 2675, 2675, 3745, 5350, 2140, 1605, 5350, 4815, 2140, 4280, 1605, 2140, 3210, 2140, 2140, 3745, 1070, 1070, 1605, 1605, 2140, 3745, 3210, 3210, 3210, 3745, 4280, 5350, 535, 1605, 2140, 2140, 4280, 2675, 1605, 3745, 3210, 535, 4280, 3745, 1605, 2675, 535, 2675, 4815, 3745, 4280, 1070, 4280, 3745, 4815, 535, 3210, 5350, 5350, 5350, 3210, 2140, 1070, 1605, 4815, 3745, 4815, 4815, 4815, 5350, 4280, 3210, 3210, 3210, 3210, 5350, 5350, 535, 1070, 3210, 3745, 4815, 2675, 4815, 535, 1070, 3745, 4815, 2675, 3745, 2140, 2675, 1070, 4280, 5350, 3745, 535, 5350, 1070, 1070, 535, 1070, 2140, 1070, 2140, 4815, 4815, 4815, 3745, 1605, 5350, 1070, 4815, 1070, 4815, 4280, 1070, 5350, 2140, 3210, 5350, 1070, 3745, 4280, 1070, 1070, 2675, 4280, 2675, 4815, 4815, 535, 1605, 1605, 4815, 5350, 535, 4815, 535, 3210, 2675, 4280, 3210, 4815, 2140, 1605, 5350, 1070, 1605, 3745, 2675, 4815, 2140, 1605, 2675, 535, 2140, 535, 4280, 3210, 1070, 4280, 3210, 1070, 3210, 2675, 4815, 3745, 4815, 3745, 2675, 3745, 2140, 5350, 3745, 2675, 2140, 4280, 2140, 1605, 1070, 3745, 1070, 4280, 3210, 535, 535, 2675, 1605, 535, 4815, 3210, 3745, 2140, 3210, 3210, 2675, 1605, 4815, 4815, 4280, 2675, 1605, 3745, 1605, 1605, 1605, 4280, 535, 1070, 2675, 3745, 535, 4815, 2140, 4280, 2675, 5350, 1605, 1605, 3210, 1070, 2140, 1605, 535, 4815, 535, 2675, 4815, 3745, 1070, 2675, 2675, 4815, 4280, 3210, 3745, 3745, 2140, 5350, 535, 4815, 3745, 3210, 4280, 4815, 2140, 2675, 2140, 4815, 4280, 5350, 2140, 3745, 4280, 4815, 1605, 2675, 3210, 535, 2140, 1605, 1605, 2140, 3210, 2675, 4280, 535, 4280, 1070, 2140, 1605, 535, 535, 3210, 2675, 4280, 3745, 3210, 5350, 3210, 4280, 535, 4815, 2140, 1605, 1070, 4815, 1605, 3210, 3745, 3745, 3210, 2675, 4280, 4815, 4280, 1070, 1070, 5350, 535, 1070, 2675, 2675, 1605, 2140, 1070, 3210, 4280, 3210, 535, 3745, 1070, 4815, 3210, 4815, 535, 2675, 2140, 4815, 1070, 3210, 3745, 2675, 535, 2675, 1605, 2675, 1605, 1070, 5350, 3210, 3745, 1605, 1605, 2675, 2675, 3745, 3210, 4280, 1070, 535, 1605, 2675, 4815, 5350, 4815, 4815, 1070, 1070, 3745, 535, 2675, 2140, 4815, 535, 2140, 3210, 3745, 2675, 3210, 5350, 4280, 4815, 3745, 4815, 5350, 4280, 2140, 3210, 5350, 1070, 535, 2675, 535, 4280, 2140, 1605, 1605, 4815, 1070, 535, 2675, 1070, 3745, 2675, 3745, 4815, 5350, 4280, 2140, 2675, 5350, 535, 4280, 535, 535, 1070, 4815, 2140, 535, 3210, 1070, 1070, 1605, 3745, 4815, 535, 3210, 535, 3745, 1070, 3210, 3210, 4815, 1070, 4280, 1605, 2675, 2675, 3745, 3745, 535, 1070, 535, 4280, 1605, 3745, 2675, 2675, 1070, 4815, 3210, 3745, 1070, 3745, 3745, 3210, 1605, 4280, 3745, 5350, 4815, 2140, 4280, 3210, 5350, 3210, 1605, 3210, 3745, 4815, 4280, 5350, 4815, 3745, 1070, 2675, 4815, 2675, 5350, 2675, 4815, 2675, 2675, 1070, 5350, 535, 2675, 1070, 3745, 1070, 2140, 3745, 5350, 5350, 1605, 3745, 1605, 3210, 1605, 3745, 2675, 5350, 3745, 4815, 4815, 1070, 4815, 1605, 2675, 4280, 3210, 535, 5350, 2140, 4280, 3210, 3210, 2140, 535, 1605, 1070, 2675, 3745, 3745, 5350, 2675, 4280, 1070, 535, 535, 4280, 1605, 2675, 4280, 3745, 3745, 535, 4280, 4815, 3210, 5350, 2675, 2675, 4280, 1605, 1070, 4280, 2675, 5350, 3745, 3745, 5350, 4280, 2675, 535, 3745, 1605, 3745, 4815, 535, 3210, 3745, 535, 1070, 3745, 4280, 2675, 2675, 4815, 5350, 2675, 1070, 2675, 5350, 2140, 535, 2140, 2675, 2675, 3210, 1605, 535, 3745, 2140, 4815, 4280, 2140, 2140, 4280, 2140, 5350, 535, 2140, 3745, 535, 4815, 4815, 2675, 4815, 535, 1605, 535, 535, 5350, 535, 3745, 535, 535, 5350, 1605, 4280, 535, 2140, 3210, 3745, 1070, 2675, 2675, 4815, 3210, 4280, 1605, 4815, 4815, 535, 1070, 3745, 2140, 2140, 2140, 3745, 4815, 3745, 4815, 535, 1605, 5350, 3210, 535, 1070, 4815, 4280, 4280, 535, 2140, 5350, 1605, 4280, 3210, 1070, 5350, 3210, 4815, 2140, 2675, 2675, 4280, 5350, 1605, 2675, 4280, 1605, 3745, 535, 3745, 535, 1070, 3210, 2675, 1070, 4815, 5350, 1605, 2675, 4815, 1605, 4815, 3745, 4280, 3210, 535, 2675, 1070, 4280, 4815, 3745, 1605, 2675, 2140, 3745, 1605, 2140, 5350, 2675, 4815, 5350, 1605, 4815, 3745, 4280, 3210, 3210, 5350, 4815, 4815, 3210, 3210, 5350, 1605, 3210, 3210, 1605, 4815, 4280, 4280, 3745, 2140, 5350, 5350, 2140, 4815, 2140, 4815, 4280, 4815, 1070, 4815, 3210, 3210, 5350, 1605, 5350, 2140, 1605, 535, 2675, 2140, 4815, 1070, 2140, 5350, 4815, 1070, 1605, 1070, 1605, 4280, 2140, 3210, 4815, 535, 3210, 3210, 5350, 5350, 2675, 1070, 3210, 4280, 1070, 4280, 4280, 2675, 4280, 3745, 5350, 5350, 3210, 2140, 2675, 4815, 2140, 3745, 3745, 2675, 4815, 2675, 4280, 4815, 4815, 535, 5350, 1070, 2140, 1605, 535, 1605, 5350, 4280, 3210, 3745, 2675, 1605, 3745, 4280, 1070, 5350, 3745, 2140, 2675, 1605, 4280, 2140, 535, 1070, 535, 3210, 4815, 2675, 4815, 5350, 2675, 535, 3210, 3745, 3745, 2140, 5350, 4280, 3210, 4815, 2675, 3210, 2140, 535, 2140, 3745, 2675, 4815, 3745, 4815, 535, 535, 3210, 1070, 1605, 4815, 4815, 4280, 3210, 1070, 3745, 1070, 4815, 3745, 3210, 4815, 1605, 3210, 2675, 1605, 3745, 4280, 3745, 3745, 2675, 3210, 3210, 3210, 4280, 4280, 2675, 3210, 2675, 5350, 4280, 5350, 1605, 3210, 4815, 4815, 535, 3745, 1070, 3745, 5350, 4280, 2140, 4280, 3745, 3210, 535, 2140, 1605, 2140, 3210, 1605, 5350, 4280, 3210, 3745, 1070, 4280, 2140, 3210, 2675, 4280, 3745, 3210, 3210, 2675, 2140, 1605, 2140, 5350, 4280, 1605, 1605, 2675, 4815, 1070, 2140, 1605, 535, 1605, 4280, 1070, 3210, 3210, 4280, 5350, 535, 1070, 2675, 1070, 1070, 4815, 5350, 5350, 1605, 4815, 5350, 1605, 1605, 1070, 3210, 535, 535, 4815, 4280, 3745, 1605, 5350, 3745, 2140, 3210, 1605, 3745, 3745, 3210, 4815, 5350, 535, 3745, 3210, 3210, 3745, 1605, 3210, 535, 5350, 5350, 3745, 4280, 2140, 3210, 535, 1605, 535, 535, 4280, 4280, 2675, 2140, 2140, 4280, 1605, 3210, 535, 2140, 535, 4815, 4815, 3745, 1070, 2675, 1070, 2675, 1605, 1070, 4815, 535, 2675, 2675, 3745, 3745, 3210, 2675, 4280, 1605, 3745, 1070, 1605, 4815, 2675, 2675, 535, 2140, 535, 2140, 3210, 1605, 4815, 2140, 2140, 1605, 4280, 4815, 535, 4280, 1605, 3210, 2675, 5350, 535, 4815, 2140, 4815, 2140, 2140, 1070, 2675, 5350, 1070, 4815, 535, 3210, 3745, 3210, 1070, 535, 1070, 2140, 4280, 3210, 4280, 1070, 4815, 3210, 2140, 5350, 4280, 535, 2675, 4280, 1070, 5350, 535, 4280, 2675, 1070, 4815, 1605, 1605, 3745, 1070, 5350, 535, 1070, 2675, 3745, 5350, 535, 2140, 535, 3210, 4815, 535, 2675, 3210, 3745, 1070, 2140, 2675, 4815, 1605, 2140, 1070, 4815, 1070, 3745, 2140, 4815, 4815, 2140, 2675, 1070, 1605, 3745, 4280, 1070, 1605, 4280, 2675, 2675, 4280, 535, 2140, 535, 3745, 535, 2675, 3745, 2140, 4815, 1605, 1605, 535, 1070, 535, 1605, 4815, 1070, 4815, 535, 2675, 3210, 2140, 4815, 4280, 2140, 2675, 3745, 4280, 3745, 2140, 4815, 4815, 4815, 3745, 4280, 4280, 1605, 2675, 3210, 1605, 1605, 2140, 2140, 5350, 2140, 3745, 1070, 5350, 2675, 2140, 2140, 3745, 4815, 1070, 2140, 2140, 2140, 3745, 5350, 2675, 4815, 3745, 4815, 1605, 2675, 1605, 3745, 4815, 535, 2675, 5350, 535, 1605, 4815, 4815, 2675, 1070, 1070, 1070, 2140, 2140, 2675, 5350, 4815, 3210, 1070, 1070, 1605, 2675, 4280, 535, 2140, 1605, 1070, 1070, 3745, 1070, 5350, 3210, 4280, 1070, 535, 2675, 2140, 5350, 2140, 2140, 2675, 5350, 3210, 2675, 3745, 5350, 3210, 2675, 3745, 1070, 1605, 535, 5350, 535, 5350, 1070, 4815, 535, 1605, 2140, 2140, 2140, 2675, 5350, 535, 4280, 1605, 1070, 2140, 2140, 1605, 2140, 3210, 2140, 4815, 5350, 4280, 535, 2675, 2675, 3210, 5350, 5350, 4815, 3745, 1070, 3210, 4280, 1605, 4280, 2140, 3210, 1605, 4815, 3210, 3210, 2140, 4815, 1605, 1070, 3745, 4280, 1605, 5350, 3210, 1605, 4815, 5350, 535, 4280, 4280, 4280, 4280, 5350, 4280, 2140, 2675, 4815, 2140, 3745, 5350, 4815, 4815, 5350, 1070, 3745, 4815, 4815, 1605, 2140, 1070, 3210, 3745, 535, 2140, 2675, 3210, 3210, 1605, 4280, 3745, 1605, 4815, 1605, 5350, 1070, 2140, 1605, 2140, 2140, 3745, 535, 3745, 2675, 2140, 5350, 535, 1070, 4280, 4815, 1070, 3210, 2140, 5350, 3745, 4280, 3210, 1605, 3210, 2675, 535, 4815, 4815, 4815, 535, 1605, 3210, 1070, 2675, 3210, 5350, 1605, 3210, 4280, 1605, 1070, 3745, 3210, 5350, 5350, 2140, 2140, 1070, 4280, 3210, 3745, 3210, 2140, 4815, 1605, 1070, 2140, 3210, 2140, 535, 4815, 3210, 2140, 4280, 4815, 3745, 2675, 1605, 3745, 4280, 3745, 535, 3745, 3745, 2675, 3210, 2140, 2675, 1605, 2140, 1605, 4815, 4280, 2675, 1605, 535, 3210, 535, 1070, 2675, 2675, 3745, 3210, 2675, 1070, 4815, 1070, 1605, 4815, 2140, 3210, 4280, 2675, 535, 535, 5350, 5350, 3210, 2140, 1070, 2675, 4815, 2140, 535, 5350, 4280, 4280, 2140, 1070, 2675, 3745, 3210, 1070, 1605, 3210, 1605, 3745, 5350, 1070, 3745, 3210, 2675, 4280, 4815, 5350, 3745, 535, 5350, 2675, 2675, 1070, 1070, 3210, 2140, 3745, 4280, 1070, 535, 4280, 2140, 2140, 4280, 3210, 3210, 4815, 1070, 3210, 1070, 4815, 4280, 535, 3745, 2675, 2140, 3745, 535, 1605, 2675, 4280, 4280, 4280, 3745, 4280, 535, 2140, 2675, 1605, 3210, 5350, 535, 5350, 3210, 4815, 1070, 2140, 3210, 4280, 3210, 3745, 3745, 2675, 4280, 2140, 4815, 4280, 4280, 3745, 3210, 3210, 4815, 4815, 5350, 4815, 3745, 2140, 535, 2140, 2675, 535, 5350, 3745, 4815, 3210, 3745, 4815, 4280, 3745, 4815, 2140, 2140, 535, 535, 2675, 3210, 2140, 2140, 5350, 2140, 1070, 4280, 4280, 3745, 1605, 2140, 5350, 1070, 3745, 4280, 535, 2675, 4280, 4815, 5350, 2140, 2140, 4280, 1070, 3745, 5350, 535, 1605, 535, 1605, 1605, 4815, 2140, 5350, 1605, 5350, 1070, 535, 3210, 2140, 3745, 1605, 3210, 1070, 2675, 3745, 1605, 5350, 535, 4280, 2140, 3210, 3210, 2675, 4815, 3745, 4815, 4280, 4280, 2675, 535, 4280, 1605, 4815, 4815, 3210, 1605, 3210, 1605, 3745, 3210, 3210, 4280, 4815, 5350, 4815, 1605, 4815, 1070, 1605, 535, 5350, 4815, 3210, 535, 4815, 1605, 535, 3745, 535, 4815, 4280, 4280, 535, 1070, 535, 2140, 2675, 3210, 1070, 2675, 2140, 3210, 1070, 2140, 5350, 3745, 1070, 535, 3745, 2140, 535, 4280, 1070, 1605, 1070, 3210, 3745, 4280, 4815, 3745, 2140, 2140, 1605, 4815, 2140, 1070, 3210]
================================================================================================
D:\kplib\07SpannerUncorrelated\n10000\R10000\s066.kp
e - s = 179.81303548812866
e - s <= 170.0: False
Capacity = 8542855
Total value = 8331735
Total weight: 8542665
Packed items: [0, 1, 7, 8, 9, 10, 14, 15, 20, 21, 24, 25, 26, 27, 29, 35, 36, 38, 39, 45, 52, 55, 58, 60, 62, 66, 70, 71, 72, 73, 75, 76, 77, 78, 79, 80, 81, 82, 83, 84, 89, 91, 95, 96, 99, 103, 104, 105, 106, 107, 108, 110, 111, 113, 117, 122, 123, 124, 125, 130, 131, 132, 134, 138, 139, 140, 142, 143, 144, 145, 146, 154, 160, 162, 165, 170, 171, 172, 176, 178, 179, 182, 183, 191, 192, 194, 196, 198, 200, 202, 203, 208, 213, 214, 218, 219, 221, 222, 223, 224, 226, 227, 228, 233, 237, 242, 243, 244, 245, 246, 247, 248, 251, 253, 256, 257, 258, 259, 260, 263, 266, 267, 268, 269, 270, 272, 273, 275, 276, 277, 278, 279, 280, 281, 282, 283, 285, 289, 290, 292, 294, 299, 300, 302, 303, 304, 307, 309, 311, 314, 316, 317, 321, 323, 325, 326, 329, 330, 333, 334, 335, 337, 340, 341, 343, 350, 352, 354, 357, 359, 360, 361, 362, 367, 368, 372, 375, 376, 378, 379, 380, 381, 382, 383, 385, 389, 391, 392, 395, 397, 401, 404, 405, 408, 409, 411, 413, 414, 415, 416, 417, 418, 421, 423, 425, 429, 430, 432, 433, 434, 435, 438, 442, 443, 445, 446, 447, 449, 450, 451, 453, 454, 457, 458, 459, 461, 464, 465, 470, 472, 473, 474, 475, 477, 478, 479, 480, 481, 483, 484, 488, 489, 491, 492, 494, 495, 497, 499, 503, 504, 508, 509, 512, 517, 518, 519, 520, 521, 525, 526, 529, 530, 533, 534, 535, 536, 537, 540, 541, 543, 544, 545, 547, 550, 552, 553, 554, 557, 559, 560, 563, 564, 566, 568, 569, 572, 574, 575, 576, 577, 579, 581, 582, 584, 585, 586, 587, 589, 590, 592, 593, 594, 595, 597, 601, 602, 603, 604, 605, 606, 607, 608, 609, 610, 611, 614, 616, 617, 618, 623, 624, 626, 627, 628, 629, 631, 632, 633, 636, 637, 638, 640, 641, 643, 644, 645, 651, 654, 657, 658, 660, 661, 664, 665, 666, 667, 674, 678, 679, 680, 681, 682, 683, 690, 691, 697, 702, 705, 707, 708, 712, 713, 715, 716, 717, 718, 719, 721, 724, 725, 726, 728, 729, 734, 735, 736, 738, 740, 741, 742, 743, 744, 746, 752, 753, 754, 755, 756, 757, 758, 760, 762, 765, 771, 772, 774, 775, 778, 779, 780, 781, 783, 784, 785, 786, 788, 789, 794, 797, 798, 800, 801, 805, 806, 807, 808, 811, 814, 815, 818, 823, 825, 826, 827, 829, 831, 833, 834, 837, 841, 844, 845, 847, 848, 849, 853, 857, 858, 859, 860, 861, 862, 867, 868, 869, 871, 872, 874, 875, 876, 878, 880, 881, 882, 887, 888, 889, 890, 892, 894, 895, 899, 900, 901, 903, 906, 911, 912, 913, 914, 916, 917, 918, 919, 920, 924, 927, 928, 929, 931, 932, 934, 938, 939, 944, 945, 951, 953, 954, 961, 963, 964, 968, 969, 970, 971, 972, 977, 979, 980, 982, 985, 986, 991, 994, 995, 996, 997, 998, 999, 1001, 1002, 1003, 1004, 1006, 1007, 1010, 1011, 1012, 1013, 1014, 1015, 1021, 1022, 1023, 1025, 1027, 1028, 1031, 1033, 1034, 1036, 1038, 1039, 1041, 1042, 1044, 1045, 1049, 1051, 1052, 1055, 1057, 1058, 1062, 1063, 1065, 1066, 1067, 1070, 1072, 1074, 1075, 1077, 1078, 1079, 1080, 1083, 1086, 1087, 1090, 1092, 1094, 1096, 1098, 1099, 1103, 1104, 1106, 1107, 1108, 1109, 1116, 1117, 1119, 1120, 1122, 1124, 1125, 1127, 1128, 1130, 1131, 1132, 1136, 1137, 1139, 1140, 1143, 1144, 1146, 1147, 1148, 1150, 1154, 1155, 1156, 1159, 1162, 1163, 1164, 1169, 1172, 1173, 1174, 1176, 1178, 1179, 1185, 1188, 1190, 1191, 1193, 1199, 1203, 1205, 1208, 1212, 1215, 1217, 1221, 1226, 1227, 1230, 1233, 1234, 1235, 1236, 1237, 1238, 1240, 1242, 1244, 1249, 1253, 1254, 1255, 1260, 1262, 1264, 1265, 1267, 1268, 1269, 1270, 1271, 1272, 1273, 1274, 1275, 1276, 1277, 1278, 1279, 1281, 1282, 1285, 1287, 1289, 1290, 1292, 1296, 1298, 1300, 1302, 1303, 1308, 1309, 1312, 1313, 1314, 1317, 1319, 1320, 1322, 1323, 1324, 1328, 1329, 1333, 1335, 1336, 1337, 1340, 1346, 1348, 1349, 1353, 1356, 1359, 1361, 1365, 1366, 1367, 1368, 1371, 1373, 1374, 1376, 1378, 1380, 1382, 1383, 1384, 1385, 1387, 1393, 1394, 1400, 1401, 1403, 1407, 1409, 1410, 1413, 1415, 1416, 1418, 1420, 1421, 1422, 1423, 1428, 1430, 1431, 1432, 1433, 1436, 1440, 1441, 1443, 1444, 1448, 1450, 1454, 1456, 1458, 1459, 1461, 1463, 1464, 1465, 1467, 1470, 1472, 1475, 1477, 1479, 1480, 1482, 1483, 1485, 1487, 1488, 1494, 1496, 1499, 1500, 1502, 1503, 1505, 1506, 1507, 1508, 1510, 1511, 1513, 1514, 1515, 1519, 1522, 1523, 1527, 1529, 1534, 1535, 1536, 1539, 1540, 1541, 1543, 1544, 1545, 1547, 1549, 1550, 1552, 1553, 1554, 1555, 1558, 1559, 1561, 1562, 1563, 1565, 1566, 1567, 1568, 1569, 1571, 1573, 1575, 1577, 1578, 1579, 1584, 1585, 1589, 1591, 1592, 1594, 1595, 1597, 1600, 1601, 1604, 1606, 1611, 1620, 1621, 1622, 1624, 1626, 1630, 1631, 1633, 1634, 1635, 1636, 1640, 1641, 1642, 1643, 1645, 1646, 1648, 1649, 1652, 1654, 1655, 1657, 1658, 1659, 1660, 1661, 1662, 1663, 1666, 1669, 1670, 1671, 1677, 1679, 1680, 1681, 1682, 1686, 1689, 1691, 1692, 1694, 1696, 1697, 1699, 1702, 1704, 1705, 1709, 1710, 1711, 1713, 1714, 1719, 1721, 1722, 1723, 1724, 1726, 1729, 1730, 1731, 1732, 1735, 1739, 1740, 1743, 1744, 1745, 1746, 1747, 1749, 1755, 1756, 1758, 1760, 1762, 1764, 1765, 1766, 1768, 1770, 1772, 1773, 1774, 1776, 1779, 1780, 1782, 1783, 1784, 1785, 1789, 1791, 1792, 1793, 1794, 1797, 1799, 1803, 1807, 1813, 1814, 1815, 1816, 1817, 1819, 1820, 1823, 1824, 1825, 1826, 1827, 1830, 1832, 1833, 1836, 1839, 1840, 1841, 1842, 1843, 1844, 1846, 1849, 1850, 1852, 1853, 1854, 1856, 1858, 1859, 1860, 1865, 1867, 1868, 1870, 1873, 1874, 1875, 1877, 1883, 1884, 1889, 1890, 1891, 1892, 1893, 1895, 1897, 1900, 1903, 1906, 1907, 1908, 1909, 1914, 1915, 1916, 1917, 1918, 1922, 1924, 1932, 1933, 1934, 1935, 1937, 1938, 1940, 1941, 1942, 1944, 1946, 1948, 1951, 1955, 1956, 1958, 1959, 1960, 1962, 1963, 1965, 1968, 1969, 1970, 1971, 1972, 1973, 1974, 1976, 1978, 1979, 1982, 1984, 1987, 1989, 1990, 1996, 1997, 2001, 2002, 2011, 2012, 2013, 2014, 2020, 2023, 2025, 2027, 2028, 2030, 2031, 2032, 2035, 2037, 2040, 2042, 2043, 2045, 2049, 2051, 2053, 2055, 2056, 2061, 2064, 2065, 2066, 2074, 2075, 2077, 2078, 2079, 2080, 2081, 2083, 2087, 2088, 2089, 2090, 2093, 2094, 2098, 2101, 2103, 2110, 2111, 2114, 2116, 2117, 2118, 2119, 2121, 2122, 2125, 2126, 2131, 2133, 2134, 2135, 2136, 2138, 2140, 2141, 2143, 2146, 2150, 2151, 2152, 2154, 2155, 2156, 2160, 2161, 2164, 2166, 2170, 2171, 2174, 2179, 2180, 2182, 2183, 2185, 2188, 2189, 2191, 2194, 2196, 2197, 2199, 2200, 2202, 2204, 2209, 2214, 2215, 2216, 2217, 2218, 2219, 2222, 2223, 2224, 2226, 2227, 2230, 2231, 2232, 2233, 2239, 2240, 2241, 2242, 2245, 2248, 2251, 2253, 2254, 2258, 2260, 2262, 2263, 2267, 2269, 2270, 2272, 2274, 2275, 2280, 2281, 2283, 2285, 2286, 2289, 2290, 2292, 2294, 2295, 2296, 2297, 2298, 2302, 2303, 2305, 2306, 2308, 2311, 2313, 2314, 2315, 2316, 2317, 2319, 2320, 2321, 2325, 2326, 2328, 2329, 2331, 2334, 2335, 2336, 2337, 2343, 2344, 2346, 2347, 2349, 2350, 2352, 2353, 2359, 2360, 2363, 2366, 2369, 2371, 2372, 2373, 2374, 2377, 2379, 2380, 2382, 2383, 2384, 2388, 2389, 2390, 2391, 2392, 2396, 2398, 2405, 2407, 2408, 2409, 2411, 2412, 2413, 2417, 2420, 2421, 2422, 2423, 2424, 2425, 2426, 2427, 2428, 2431, 2432, 2436, 2439, 2440, 2445, 2446, 2447, 2449, 2450, 2451, 2452, 2454, 2455, 2456, 2461, 2462, 2463, 2464, 2466, 2468, 2470, 2471, 2474, 2475, 2478, 2481, 2485, 2486, 2488, 2491, 2492, 2493, 2496, 2499, 2501, 2502, 2504, 2505, 2507, 2511, 2515, 2518, 2520, 2522, 2524, 2526, 2529, 2533, 2534, 2535, 2538, 2542, 2543, 2547, 2548, 2549, 2551, 2552, 2553, 2555, 2558, 2564, 2566, 2569, 2570, 2572, 2573, 2577, 2583, 2584, 2590, 2591, 2592, 2594, 2595, 2596, 2598, 2604, 2607, 2608, 2609, 2610, 2612, 2617, 2620, 2621, 2623, 2624, 2625, 2627, 2628, 2631, 2632, 2634, 2635, 2636, 2637, 2639, 2640, 2644, 2645, 2647, 2648, 2651, 2652, 2653, 2655, 2658, 2660, 2663, 2665, 2667, 2669, 2670, 2677, 2680, 2681, 2683, 2684, 2686, 2687, 2688, 2690, 2695, 2696, 2697, 2698, 2702, 2704, 2708, 2711, 2713, 2714, 2718, 2722, 2723, 2724, 2728, 2730, 2733, 2735, 2738, 2739, 2741, 2742, 2743, 2744, 2745, 2747, 2748, 2754, 2755, 2756, 2760, 2761, 2762, 2764, 2767, 2768, 2775, 2777, 2779, 2780, 2781, 2782, 2783, 2785, 2790, 2791, 2793, 2794, 2796, 2797, 2799, 2800, 2801, 2802, 2806, 2807, 2809, 2812, 2816, 2818, 2819, 2820, 2821, 2822, 2824, 2825, 2827, 2833, 2834, 2839, 2843, 2844, 2850, 2854, 2855, 2858, 2861, 2862, 2865, 2867, 2869, 2870, 2875, 2876, 2877, 2878, 2880, 2885, 2892, 2893, 2894, 2895, 2896, 2898, 2899, 2900, 2901, 2902, 2904, 2905, 2909, 2911, 2912, 2914, 2915, 2916, 2918, 2919, 2920, 2922, 2923, 2924, 2925, 2926, 2927, 2929, 2931, 2932, 2933, 2935, 2936, 2940, 2944, 2947, 2951, 2952, 2958, 2959, 2960, 2961, 2970, 2971, 2976, 2978, 2983, 2985, 2987, 2989, 2990, 2995, 2996, 3006, 3009, 3010, 3011, 3012, 3013, 3014, 3015, 3019, 3024, 3026, 3027, 3028, 3029, 3032, 3033, 3037, 3041, 3043, 3048, 3049, 3050, 3051, 3052, 3054, 3057, 3058, 3064, 3065, 3067, 3068, 3069, 3070, 3074, 3075, 3076, 3077, 3079, 3080, 3081, 3082, 3083, 3084, 3087, 3088, 3091, 3093, 3097, 3098, 3099, 3100, 3102, 3103, 3104, 3105, 3107, 3108, 3109, 3110, 3111, 3114, 3115, 3116, 3121, 3126, 3127, 3128, 3129, 3130, 3132, 3133, 3134, 3135, 3136, 3137, 3139, 3140, 3144, 3145, 3146, 3149, 3156, 3159, 3162, 3166, 3167, 3169, 3170, 3172, 3174, 3179, 3180, 3181, 3182, 3184, 3185, 3186, 3187, 3188, 3191, 3192, 3193, 3194, 3200, 3202, 3203, 3204, 3208, 3209, 3210, 3212, 3213, 3214, 3216, 3217, 3219, 3222, 3224, 3225, 3229, 3230, 3231, 3235, 3236, 3239, 3240, 3241, 3244, 3245, 3248, 3252, 3253, 3254, 3255, 3256, 3259, 3265, 3266, 3271, 3274, 3275, 3280, 3285, 3286, 3290, 3291, 3293, 3295, 3296, 3297, 3300, 3301, 3302, 3303, 3304, 3305, 3306, 3308, 3310, 3313, 3316, 3317, 3318, 3321, 3322, 3323, 3324, 3331, 3332, 3335, 3336, 3342, 3343, 3344, 3346, 3347, 3349, 3359, 3360, 3362, 3363, 3364, 3366, 3367, 3368, 3369, 3370, 3371, 3373, 3375, 3378, 3379, 3384, 3385, 3387, 3388, 3389, 3390, 3391, 3393, 3396, 3401, 3403, 3404, 3410, 3412, 3413, 3414, 3415, 3418, 3419, 3420, 3421, 3424, 3425, 3427, 3430, 3431, 3432, 3435, 3437, 3438, 3439, 3441, 3442, 3444, 3453, 3454, 3455, 3456, 3457, 3459, 3461, 3464, 3465, 3466, 3467, 3468, 3470, 3471, 3472, 3474, 3475, 3477, 3478, 3479, 3481, 3483, 3486, 3487, 3491, 3493, 3495, 3500, 3503, 3504, 3506, 3507, 3508, 3509, 3511, 3512, 3514, 3515, 3520, 3521, 3523, 3524, 3525, 3526, 3529, 3531, 3532, 3534, 3540, 3541, 3544, 3551, 3552, 3553, 3557, 3561, 3564, 3565, 3566, 3567, 3571, 3572, 3574, 3576, 3577, 3578, 3581, 3583, 3584, 3586, 3587, 3588, 3589, 3591, 3592, 3593, 3594, 3597, 3598, 3599, 3600, 3602, 3605, 3606, 3608, 3611, 3615, 3617, 3618, 3621, 3622, 3623, 3624, 3625, 3628, 3634, 3635, 3636, 3637, 3638, 3640, 3643, 3652, 3655, 3656, 3658, 3659, 3661, 3662, 3667, 3668, 3672, 3675, 3679, 3680, 3682, 3683, 3684, 3686, 3687, 3688, 3689, 3692, 3693, 3695, 3696, 3699, 3700, 3703, 3704, 3706, 3708, 3709, 3710, 3711, 3715, 3716, 3717, 3718, 3721, 3722, 3724, 3726, 3727, 3728, 3730, 3732, 3735, 3736, 3737, 3739, 3740, 3741, 3744, 3745, 3748, 3749, 3750, 3752, 3753, 3756, 3757, 3758, 3759, 3760, 3761, 3762, 3766, 3770, 3771, 3772, 3773, 3776, 3777, 3781, 3782, 3784, 3787, 3790, 3791, 3793, 3794, 3795, 3796, 3797, 3799, 3800, 3801, 3804, 3806, 3807, 3811, 3813, 3815, 3819, 3820, 3822, 3823, 3824, 3828, 3830, 3831, 3832, 3833, 3835, 3839, 3840, 3841, 3842, 3843, 3845, 3848, 3849, 3851, 3854, 3855, 3858, 3859, 3861, 3862, 3863, 3864, 3868, 3870, 3874, 3875, 3877, 3878, 3883, 3884, 3886, 3893, 3894, 3895, 3897, 3898, 3901, 3904, 3905, 3908, 3909, 3910, 3911, 3912, 3914, 3915, 3917, 3918, 3921, 3923, 3925, 3927, 3929, 3931, 3933, 3934, 3938, 3939, 3940, 3941, 3942, 3943, 3948, 3952, 3955, 3956, 3961, 3963, 3964, 3965, 3966, 3967, 3970, 3973, 3974, 3976, 3977, 3979, 3980, 3981, 3985, 3986, 3987, 3989, 3990, 3993, 3995, 3997, 3999, 4000, 4002, 4003, 4004, 4005, 4007, 4008, 4011, 4012, 4013, 4014, 4015, 4021, 4023, 4026, 4031, 4038, 4041, 4044, 4046, 4048, 4050, 4055, 4058, 4060, 4061, 4063, 4065, 4070, 4073, 4076, 4079, 4080, 4082, 4085, 4092, 4093, 4095, 4097, 4099, 4101, 4102, 4103, 4104, 4106, 4107, 4112, 4116, 4117, 4119, 4120, 4123, 4126, 4130, 4131, 4132, 4133, 4137, 4138, 4139, 4140, 4142, 4144, 4146, 4147, 4148, 4149, 4154, 4156, 4159, 4162, 4163, 4164, 4167, 4168, 4170, 4171, 4173, 4174, 4175, 4178, 4179, 4180, 4183, 4184, 4186, 4187, 4188, 4190, 4191, 4194, 4195, 4198, 4200, 4203, 4204, 4205, 4206, 4213, 4215, 4216, 4219, 4221, 4223, 4224, 4225, 4226, 4228, 4229, 4231, 4232, 4233, 4239, 4242, 4243, 4245, 4246, 4249, 4250, 4251, 4254, 4256, 4257, 4262, 4264, 4265, 4266, 4267, 4268, 4272, 4274, 4275, 4279, 4280, 4281, 4284, 4286, 4291, 4293, 4294, 4295, 4296, 4297, 4300, 4302, 4304, 4305, 4306, 4309, 4310, 4313, 4315, 4316, 4318, 4319, 4320, 4321, 4322, 4323, 4329, 4331, 4332, 4333, 4334, 4335, 4340, 4341, 4342, 4343, 4344, 4345, 4347, 4348, 4350, 4351, 4352, 4354, 4357, 4364, 4365, 4366, 4367, 4370, 4371, 4372, 4373, 4375, 4377, 4380, 4382, 4383, 4384, 4385, 4386, 4387, 4388, 4390, 4391, 4393, 4394, 4396, 4397, 4398, 4399, 4400, 4402, 4403, 4404, 4406, 4407, 4408, 4409, 4410, 4411, 4415, 4416, 4418, 4420, 4424, 4427, 4432, 4433, 4434, 4435, 4436, 4439, 4445, 4446, 4448, 4452, 4453, 4454, 4455, 4457, 4459, 4460, 4461, 4465, 4466, 4467, 4469, 4470, 4471, 4473, 4476, 4481, 4483, 4484, 4485, 4486, 4487, 4488, 4489, 4491, 4492, 4493, 4494, 4495, 4496, 4498, 4499, 4502, 4505, 4506, 4509, 4511, 4512, 4513, 4514, 4515, 4517, 4519, 4523, 4524, 4525, 4526, 4527, 4532, 4535, 4536, 4537, 4538, 4539, 4540, 4541, 4542, 4543, 4544, 4545, 4546, 4547, 4548, 4554, 4555, 4562, 4563, 4565, 4567, 4573, 4574, 4576, 4577, 4578, 4580, 4582, 4583, 4584, 4587, 4592, 4597, 4599, 4602, 4603, 4605, 4606, 4607, 4609, 4610, 4611, 4612, 4613, 4614, 4622, 4624, 4626, 4627, 4629, 4630, 4631, 4632, 4634, 4635, 4638, 4641, 4646, 4647, 4648, 4650, 4651, 4653, 4654, 4656, 4658, 4659, 4660, 4661, 4665, 4666, 4668, 4669, 4671, 4673, 4675, 4680, 4681, 4682, 4683, 4684, 4688, 4690, 4691, 4692, 4695, 4696, 4698, 4699, 4702, 4704, 4705, 4709, 4710, 4711, 4712, 4714, 4716, 4717, 4719, 4725, 4730, 4734, 4739, 4741, 4742, 4745, 4746, 4749, 4750, 4751, 4752, 4753, 4754, 4757, 4760, 4761, 4763, 4764, 4766, 4767, 4769, 4771, 4772, 4774, 4778, 4779, 4780, 4782, 4783, 4786, 4790, 4792, 4795, 4796, 4797, 4800, 4801, 4802, 4803, 4806, 4809, 4812, 4816, 4819, 4820, 4821, 4823, 4824, 4827, 4829, 4831, 4834, 4835, 4836, 4838, 4839, 4840, 4841, 4844, 4846, 4847, 4848, 4849, 4850, 4853, 4854, 4856, 4858, 4861, 4863, 4865, 4867, 4868, 4869, 4873, 4874, 4875, 4876, 4881, 4883, 4888, 4890, 4894, 4895, 4896, 4897, 4900, 4901, 4903, 4905, 4907, 4908, 4909, 4910, 4912, 4913, 4916, 4919, 4920, 4923, 4924, 4925, 4933, 4935, 4938, 4939, 4941, 4942, 4943, 4946, 4947, 4948, 4949, 4952, 4957, 4958, 4959, 4960, 4961, 4963, 4964, 4965, 4970, 4974, 4975, 4978, 4981, 4982, 4983, 4986, 4987, 4989, 4990, 4991, 4992, 4995, 4997, 4998, 5000, 5001, 5002, 5004, 5006, 5008, 5009, 5010, 5011, 5013, 5016, 5019, 5022, 5026, 5027, 5032, 5033, 5035, 5036, 5037, 5042, 5043, 5044, 5045, 5048, 5051, 5053, 5055, 5056, 5060, 5063, 5064, 5065, 5067, 5073, 5075, 5077, 5078, 5079, 5080, 5081, 5084, 5088, 5091, 5093, 5094, 5102, 5103, 5104, 5107, 5109, 5110, 5113, 5116, 5118, 5119, 5120, 5121, 5122, 5123, 5124, 5126, 5127, 5128, 5129, 5130, 5131, 5134, 5139, 5142, 5143, 5144, 5145, 5147, 5150, 5151, 5152, 5153, 5156, 5166, 5167, 5170, 5174, 5176, 5180, 5190, 5193, 5194, 5195, 5196, 5199, 5201, 5202, 5204, 5205, 5207, 5210, 5213, 5214, 5215, 5216, 5217, 5220, 5224, 5226, 5227, 5228, 5229, 5232, 5233, 5234, 5235, 5236, 5239, 5240, 5241, 5245, 5246, 5247, 5248, 5249, 5250, 5251, 5252, 5253, 5254, 5258, 5261, 5265, 5266, 5269, 5270, 5271, 5272, 5273, 5274, 5275, 5280, 5283, 5286, 5288, 5290, 5291, 5292, 5293, 5294, 5296, 5298, 5302, 5305, 5306, 5307, 5308, 5311, 5312, 5313, 5314, 5315, 5317, 5319, 5322, 5324, 5325, 5329, 5331, 5333, 5334, 5336, 5337, 5338, 5341, 5342, 5343, 5345, 5347, 5348, 5350, 5352, 5353, 5355, 5356, 5360, 5362, 5366, 5367, 5368, 5369, 5375, 5377, 5378, 5379, 5380, 5382, 5383, 5384, 5385, 5387, 5388, 5389, 5390, 5391, 5394, 5399, 5400, 5402, 5405, 5407, 5411, 5418, 5419, 5420, 5424, 5425, 5426, 5427, 5431, 5432, 5434, 5435, 5437, 5439, 5440, 5441, 5443, 5444, 5446, 5447, 5450, 5453, 5454, 5457, 5459, 5463, 5465, 5466, 5470, 5471, 5472, 5473, 5475, 5476, 5481, 5482, 5483, 5484, 5487, 5488, 5489, 5490, 5491, 5493, 5496, 5497, 5498, 5499, 5501, 5502, 5506, 5510, 5512, 5513, 5519, 5520, 5521, 5522, 5526, 5528, 5531, 5532, 5538, 5540, 5543, 5545, 5547, 5549, 5550, 5552, 5553, 5554, 5555, 5556, 5559, 5560, 5561, 5562, 5563, 5565, 5567, 5569, 5572, 5573, 5575, 5577, 5578, 5579, 5580, 5582, 5584, 5585, 5586, 5587, 5589, 5593, 5594, 5597, 5598, 5599, 5601, 5603, 5604, 5607, 5615, 5616, 5619, 5623, 5628, 5629, 5630, 5632, 5633, 5635, 5636, 5640, 5641, 5642, 5643, 5647, 5648, 5649, 5650, 5653, 5658, 5660, 5661, 5663, 5667, 5670, 5671, 5672, 5674, 5675, 5676, 5677, 5681, 5682, 5684, 5687, 5689, 5691, 5692, 5693, 5696, 5698, 5699, 5701, 5703, 5705, 5706, 5708, 5711, 5715, 5716, 5719, 5720, 5723, 5726, 5728, 5729, 5730, 5731, 5732, 5733, 5736, 5737, 5738, 5739, 5740, 5743, 5745, 5748, 5749, 5751, 5752, 5753, 5756, 5757, 5759, 5763, 5764, 5765, 5766, 5769, 5770, 5771, 5775, 5776, 5777, 5778, 5780, 5781, 5782, 5784, 5785, 5786, 5789, 5792, 5796, 5800, 5803, 5806, 5808, 5811, 5815, 5816, 5817, 5820, 5821, 5826, 5827, 5833, 5835, 5836, 5838, 5839, 5841, 5842, 5843, 5845, 5846, 5848, 5850, 5851, 5858, 5859, 5865, 5866, 5869, 5870, 5874, 5875, 5877, 5878, 5879, 5881, 5883, 5885, 5887, 5888, 5889, 5890, 5893, 5894, 5896, 5897, 5898, 5899, 5901, 5902, 5905, 5910, 5911, 5912, 5913, 5916, 5917, 5918, 5921, 5923, 5925, 5931, 5932, 5933, 5934, 5935, 5938, 5939, 5940, 5941, 5942, 5947, 5951, 5952, 5953, 5956, 5958, 5960, 5962, 5964, 5965, 5966, 5967, 5968, 5969, 5971, 5972, 5976, 5977, 5978, 5979, 5980, 5981, 5982, 5984, 5985, 5988, 5989, 5990, 5991, 5992, 5994, 5996, 6001, 6003, 6006, 6011, 6012, 6015, 6016, 6018, 6019, 6020, 6021, 6022, 6024, 6025, 6028, 6030, 6035, 6040, 6044, 6045, 6046, 6047, 6051, 6052, 6054, 6056, 6060, 6061, 6064, 6065, 6067, 6068, 6072, 6073, 6078, 6082, 6084, 6086, 6088, 6091, 6099, 6100, 6103, 6107, 6111, 6113, 6116, 6120, 6124, 6125, 6126, 6128, 6129, 6130, 6132, 6133, 6137, 6138, 6139, 6140, 6142, 6147, 6150, 6152, 6153, 6154, 6155, 6156, 6157, 6158, 6159, 6168, 6169, 6170, 6171, 6173, 6174, 6176, 6177, 6184, 6186, 6189, 6194, 6195, 6199, 6200, 6203, 6204, 6205, 6206, 6207, 6211, 6214, 6215, 6216, 6217, 6219, 6220, 6224, 6228, 6231, 6234, 6237, 6239, 6243, 6246, 6249, 6255, 6261, 6263, 6264, 6265, 6266, 6268, 6269, 6270, 6272, 6276, 6277, 6279, 6280, 6281, 6285, 6286, 6288, 6289, 6292, 6293, 6295, 6296, 6298, 6301, 6304, 6305, 6307, 6309, 6310, 6313, 6317, 6318, 6319, 6321, 6322, 6323, 6324, 6328, 6329, 6330, 6331, 6333, 6335, 6339, 6341, 6343, 6344, 6345, 6346, 6348, 6349, 6352, 6354, 6357, 6359, 6361, 6363, 6364, 6368, 6374, 6375, 6376, 6379, 6380, 6381, 6386, 6387, 6390, 6393, 6397, 6398, 6400, 6402, 6404, 6405, 6406, 6408, 6409, 6413, 6414, 6415, 6417, 6418, 6420, 6422, 6424, 6428, 6429, 6430, 6431, 6432, 6434, 6437, 6438, 6439, 6441, 6442, 6443, 6444, 6447, 6448, 6452, 6454, 6455, 6456, 6457, 6458, 6461, 6462, 6463, 6465, 6467, 6473, 6477, 6478, 6480, 6481, 6482, 6483, 6486, 6488, 6490, 6492, 6494, 6496, 6497, 6498, 6500, 6501, 6503, 6504, 6505, 6506, 6507, 6508, 6509, 6510, 6512, 6513, 6514, 6515, 6518, 6519, 6520, 6521, 6522, 6525, 6526, 6527, 6529, 6531, 6532, 6534, 6535, 6537, 6538, 6539, 6542, 6545, 6547, 6548, 6549, 6550, 6552, 6557, 6559, 6560, 6561, 6562, 6565, 6566, 6570, 6571, 6574, 6576, 6577, 6578, 6579, 6581, 6583, 6585, 6586, 6587, 6589, 6591, 6597, 6600, 6603, 6608, 6609, 6610, 6611, 6615, 6617, 6622, 6630, 6632, 6633, 6636, 6637, 6638, 6639, 6640, 6643, 6644, 6646, 6648, 6649, 6652, 6653, 6655, 6657, 6658, 6659, 6661, 6663, 6664, 6670, 6671, 6674, 6676, 6677, 6678, 6679, 6680, 6685, 6686, 6687, 6689, 6690, 6692, 6694, 6696, 6699, 6700, 6701, 6704, 6705, 6706, 6708, 6712, 6713, 6718, 6720, 6721, 6724, 6728, 6731, 6732, 6733, 6735, 6737, 6738, 6739, 6742, 6743, 6744, 6746, 6747, 6750, 6755, 6756, 6758, 6760, 6761, 6762, 6763, 6765, 6768, 6771, 6776, 6778, 6780, 6781, 6784, 6785, 6786, 6787, 6789, 6792, 6796, 6797, 6800, 6801, 6804, 6810, 6813, 6815, 6816, 6823, 6825, 6828, 6830, 6831, 6834, 6836, 6837, 6842, 6843, 6844, 6846, 6848, 6851, 6852, 6854, 6858, 6859, 6860, 6861, 6862, 6863, 6864, 6867, 6868, 6870, 6871, 6873, 6875, 6877, 6878, 6879, 6881, 6882, 6884, 6887, 6889, 6890, 6891, 6892, 6893, 6894, 6898, 6899, 6900, 6901, 6902, 6903, 6904, 6905, 6906, 6908, 6912, 6916, 6919, 6924, 6929, 6930, 6933, 6935, 6936, 6938, 6940, 6944, 6947, 6949, 6950, 6952, 6953, 6954, 6959, 6960, 6962, 6964, 6965, 6966, 6967, 6969, 6970, 6973, 6974, 6975, 6976, 6980, 6981, 6984, 6986, 6989, 6990, 6994, 6995, 6996, 6997, 7001, 7002, 7004, 7005, 7006, 7007, 7008, 7010, 7011, 7013, 7014, 7020, 7021, 7024, 7025, 7027, 7028, 7031, 7033, 7035, 7037, 7041, 7042, 7044, 7047, 7048, 7049, 7050, 7053, 7054, 7055, 7062, 7064, 7066, 7067, 7068, 7071, 7072, 7080, 7081, 7083, 7084, 7087, 7088, 7090, 7092, 7095, 7097, 7098, 7099, 7102, 7105, 7107, 7108, 7111, 7114, 7115, 7116, 7118, 7119, 7120, 7121, 7123, 7124, 7125, 7126, 7130, 7133, 7134, 7135, 7138, 7140, 7141, 7142, 7144, 7145, 7149, 7150, 7154, 7158, 7159, 7162, 7163, 7164, 7166, 7168, 7169, 7170, 7172, 7174, 7175, 7176, 7177, 7178, 7179, 7180, 7181, 7182, 7183, 7184, 7185, 7192, 7195, 7196, 7199, 7203, 7204, 7206, 7209, 7210, 7213, 7216, 7218, 7219, 7220, 7222, 7224, 7225, 7226, 7229, 7231, 7237, 7238, 7239, 7240, 7241, 7243, 7244, 7248, 7249, 7250, 7251, 7252, 7255, 7256, 7257, 7260, 7262, 7263, 7267, 7268, 7269, 7273, 7274, 7275, 7276, 7278, 7279, 7281, 7282, 7283, 7291, 7296, 7298, 7300, 7301, 7302, 7303, 7307, 7309, 7312, 7313, 7314, 7317, 7322, 7324, 7325, 7326, 7327, 7329, 7330, 7331, 7335, 7338, 7340, 7341, 7342, 7343, 7347, 7348, 7349, 7351, 7357, 7360, 7361, 7366, 7368, 7369, 7371, 7373, 7375, 7376, 7377, 7380, 7381, 7387, 7389, 7392, 7397, 7398, 7399, 7401, 7403, 7405, 7406, 7407, 7408, 7410, 7411, 7415, 7423, 7424, 7425, 7426, 7427, 7429, 7430, 7431, 7432, 7438, 7439, 7440, 7442, 7443, 7444, 7445, 7446, 7451, 7455, 7456, 7459, 7460, 7461, 7463, 7464, 7465, 7468, 7469, 7471, 7474, 7477, 7478, 7481, 7482, 7483, 7486, 7489, 7491, 7492, 7495, 7498, 7500, 7501, 7502, 7504, 7505, 7507, 7514, 7515, 7517, 7519, 7522, 7524, 7525, 7527, 7528, 7531, 7532, 7535, 7545, 7547, 7549, 7551, 7552, 7553, 7555, 7556, 7557, 7559, 7561, 7562, 7563, 7566, 7567, 7569, 7574, 7575, 7578, 7579, 7584, 7585, 7586, 7587, 7588, 7593, 7595, 7597, 7598, 7599, 7602]
Packed_weights: [1215, 2430, 2430, 3645, 1620, 3240, 810, 4050, 2835, 405, 4050, 810, 3645, 1215, 405, 2835, 810, 405, 4050, 1215, 4050, 2430, 1620, 405, 3645, 4050, 1215, 1215, 3645, 3645, 1620, 1620, 2835, 2430, 3645, 4050, 2025, 3240, 3240, 3645, 3645, 2025, 405, 1620, 1215, 1215, 3240, 2430, 2025, 4050, 2430, 4050, 4050, 1215, 2835, 1215, 2835, 810, 1215, 2025, 405, 1215, 810, 405, 2025, 1620, 2025, 4050, 4050, 3240, 2835, 810, 405, 2430, 3645, 810, 2025, 2025, 4050, 4050, 1620, 405, 2835, 405, 2835, 4050, 1620, 2835, 2835, 3240, 810, 3240, 810, 3645, 1215, 2835, 3645, 1620, 405, 3645, 4050, 2835, 3240, 2025, 2430, 4050, 1215, 3240, 3240, 3645, 2430, 405, 2025, 3240, 4050, 3240, 2025, 405, 1215, 2025, 1215, 2835, 4050, 1620, 4050, 405, 2835, 1215, 2025, 1620, 3645, 2835, 1620, 810, 2835, 1215, 3240, 1215, 1620, 1215, 1620, 2835, 810, 405, 1620, 4050, 1215, 405, 3645, 810, 1215, 810, 2025, 2835, 2025, 810, 405, 2835, 405, 810, 2430, 405, 810, 4050, 3645, 2430, 810, 2025, 405, 810, 3645, 1620, 1620, 3645, 3240, 3645, 1215, 405, 4050, 4050, 1215, 2430, 1620, 3645, 3645, 405, 2835, 1620, 3240, 4050, 2025, 2835, 2430, 810, 2835, 3240, 2025, 1620, 2835, 2835, 1620, 1620, 1620, 2025, 2835, 405, 2025, 2430, 2025, 2430, 1215, 2430, 3645, 3645, 405, 1215, 3240, 2430, 405, 2430, 2430, 1215, 2835, 2025, 3240, 810, 4050, 4050, 405, 2835, 2025, 4050, 810, 810, 3240, 2835, 3240, 2835, 3645, 810, 2025, 1620, 1215, 810, 3645, 3240, 1620, 405, 2835, 810, 2430, 2835, 2835, 2025, 1215, 3645, 2025, 405, 2835, 405, 2430, 810, 405, 2430, 405, 1215, 3240, 3645, 810, 4050, 3645, 2430, 2025, 1215, 2430, 1215, 2025, 1215, 3240, 405, 810, 3240, 3240, 2430, 810, 1620, 4050, 2430, 3645, 4050, 1215, 3645, 405, 3240, 1215, 3240, 3645, 3240, 2430, 2430, 3240, 1620, 2835, 1620, 1215, 2025, 1215, 3240, 405, 1215, 3645, 2835, 2025, 2430, 2835, 405, 2835, 4050, 405, 2835, 3645, 2025, 2025, 2835, 2835, 810, 1215, 405, 2835, 2430, 3645, 4050, 3645, 1215, 2430, 1620, 2025, 3645, 810, 2835, 1620, 3645, 2025, 2835, 2835, 810, 2835, 2430, 2835, 2835, 2835, 2430, 810, 1215, 810, 405, 2025, 2835, 3240, 405, 810, 3240, 810, 1215, 1620, 3240, 3240, 3240, 405, 810, 810, 4050, 2835, 405, 2025, 1620, 3240, 1620, 405, 2835, 2430, 3645, 2025, 405, 405, 3240, 405, 2025, 1215, 2430, 1620, 2025, 2025, 810, 1620, 1620, 810, 2835, 1620, 3240, 2430, 1215, 810, 3645, 2430, 3645, 405, 2430, 2025, 2430, 4050, 3645, 2430, 810, 4050, 2430, 1620, 1620, 4050, 3645, 810, 405, 4050, 1620, 3240, 1215, 405, 2835, 4050, 810, 3645, 1215, 1215, 1620, 3240, 4050, 2835, 3645, 1620, 1620, 4050, 2430, 4050, 1215, 2025, 3240, 3645, 3240, 4050, 810, 3240, 1620, 4050, 3645, 3240, 2430, 1215, 4050, 3645, 1620, 3645, 1215, 2430, 3240, 810, 2430, 2430, 2835, 405, 3240, 405, 2430, 810, 2430, 2025, 4050, 2835, 3240, 2430, 1620, 2430, 2430, 2835, 3240, 2430, 1620, 3645, 3240, 405, 1620, 405, 3240, 810, 1215, 405, 1215, 405, 810, 3240, 405, 3240, 4050, 4050, 2025, 810, 4050, 1620, 810, 1620, 2430, 405, 810, 2835, 3240, 1620, 3645, 405, 3645, 3240, 3645, 4050, 3645, 2835, 4050, 1215, 3645, 3645, 2025, 3240, 1215, 1215, 2430, 4050, 3240, 3240, 4050, 1620, 2025, 2835, 4050, 4050, 3645, 2025, 3645, 2835, 2025, 2025, 2430, 1215, 3645, 4050, 1620, 1215, 2835, 1215, 1620, 810, 3645, 2835, 2835, 2430, 3240, 810, 1215, 3240, 2430, 2430, 405, 4050, 1620, 1620, 2835, 2025, 1215, 3240, 2835, 2025, 2025, 3240, 2835, 405, 2025, 810, 405, 2430, 2430, 3240, 405, 3240, 4050, 2835, 810, 405, 1215, 2430, 1215, 1215, 3645, 2025, 2025, 1620, 2835, 2835, 405, 2835, 1215, 810, 810, 3645, 405, 405, 2835, 4050, 405, 2430, 1215, 810, 2025, 3240, 3240, 1215, 4050, 4050, 4050, 3645, 4050, 1215, 2430, 2835, 2430, 1215, 810, 1215, 3645, 3645, 405, 810, 2025, 3645, 3645, 2025, 405, 810, 3645, 1620, 2430, 3645, 2835, 2835, 1620, 405, 2025, 2430, 3240, 1215, 1620, 4050, 3645, 3645, 3240, 2025, 2835, 3240, 1620, 1620, 405, 4050, 1620, 405, 3240, 1620, 2430, 3240, 3645, 2430, 3645, 3240, 1620, 4050, 2835, 3645, 1215, 2835, 810, 810, 1620, 3240, 810, 3645, 405, 2835, 2025, 2835, 3240, 1620, 3240, 2025, 2430, 2430, 2025, 810, 405, 2835, 1620, 3645, 4050, 810, 2835, 810, 1215, 2835, 3645, 1215, 810, 2430, 3240, 810, 2430, 4050, 810, 810, 2430, 2430, 2430, 1620, 1215, 405, 3240, 810, 2835, 405, 2025, 1215, 810, 3645, 2430, 3240, 810, 3240, 405, 3645, 2025, 1215, 405, 2835, 3240, 3240, 405, 2430, 2430, 1620, 810, 3645, 3240, 810, 3240, 3240, 405, 1215, 1620, 810, 4050, 1620, 1620, 405, 2430, 4050, 2430, 810, 2835, 405, 2835, 1215, 810, 405, 2025, 4050, 3240, 3645, 810, 2835, 2430, 1620, 1215, 1620, 4050, 1620, 1215, 4050, 1620, 810, 3240, 1215, 2025, 2835, 3240, 2430, 1620, 2025, 2430, 2835, 4050, 405, 3645, 2430, 810, 2025, 2430, 1620, 405, 2430, 1215, 3240, 4050, 3240, 2835, 1620, 3240, 810, 810, 2835, 1620, 810, 1620, 2430, 3645, 2025, 2430, 405, 810, 4050, 2430, 4050, 405, 2025, 1215, 1620, 2835, 2025, 1620, 2025, 1215, 2835, 1620, 3240, 2025, 2025, 3645, 405, 2835, 1620, 2025, 4050, 1620, 1620, 1215, 405, 4050, 1215, 4050, 2430, 3240, 2835, 1620, 1215, 4050, 4050, 810, 405, 2430, 2025, 3240, 1215, 1215, 1620, 405, 3645, 3645, 405, 1215, 3240, 1620, 2430, 2025, 1215, 1215, 1620, 2835, 405, 810, 810, 1215, 2025, 1215, 2025, 1620, 2430, 3645, 810, 2430, 2025, 2430, 810, 1215, 3645, 2835, 2430, 2025, 405, 810, 810, 810, 2835, 4050, 810, 405, 1620, 3240, 1215, 810, 2025, 2430, 1620, 2430, 2025, 1620, 2430, 2430, 2835, 3240, 3240, 810, 2025, 3645, 810, 2835, 3645, 810, 2835, 2430, 2835, 1620, 810, 1215, 2025, 4050, 405, 2430, 4050, 4050, 1620, 3240, 4050, 810, 3240, 2430, 405, 2025, 2430, 810, 1215, 2430, 1215, 4050, 2835, 405, 3240, 405, 810, 810, 810, 2025, 2025, 3645, 2025, 4050, 2430, 2835, 3240, 3645, 1215, 3240, 2025, 3645, 405, 1215, 3645, 3645, 2025, 4050, 2430, 3645, 3240, 3240, 1620, 3240, 810, 3240, 4050, 2835, 2835, 4050, 4050, 2430, 3240, 1620, 2025, 1215, 3240, 4050, 3645, 2430, 1215, 2835, 1215, 2835, 2835, 3240, 2025, 2025, 405, 3240, 4050, 405, 3240, 1620, 810, 1215, 1620, 405, 2835, 1215, 2835, 3240, 4050, 3645, 1620, 1215, 1215, 2835, 2835, 405, 2430, 4050, 3645, 2430, 810, 2025, 1215, 3645, 2025, 1620, 3240, 2430, 405, 3645, 2835, 1620, 3645, 3645, 405, 810, 1215, 405, 2835, 405, 405, 2430, 405, 405, 3645, 810, 405, 1215, 1215, 1620, 4050, 2025, 2430, 810, 2025, 405, 2025, 810, 2025, 2430, 405, 4050, 2430, 1215, 405, 2835, 2835, 3645, 2835, 1215, 405, 810, 1620, 3240, 2430, 2430, 405, 405, 2025, 405, 2835, 405, 2835, 2430, 2835, 2430, 4050, 3645, 1215, 2025, 1215, 810, 4050, 405, 2835, 2025, 3645, 3645, 4050, 3645, 1620, 3645, 2430, 4050, 2430, 2025, 405, 1620, 2835, 405, 2835, 810, 2835, 810, 3240, 1620, 3645, 810, 3240, 3240, 3240, 2025, 2835, 3240, 1620, 4050, 1215, 3240, 1620, 4050, 1620, 1215, 3645, 2430, 4050, 3240, 2025, 3240, 2430, 4050, 3645, 2835, 1620, 1215, 2430, 2430, 3240, 2025, 2430, 405, 3240, 2025, 4050, 405, 3645, 3240, 2430, 3645, 2430, 405, 3645, 2025, 1215, 2025, 2025, 2025, 810, 2430, 3240, 2025, 1215, 2430, 2430, 3645, 2025, 2430, 810, 3240, 3645, 4050, 2430, 810, 2025, 405, 1215, 405, 3645, 1620, 405, 2835, 2835, 2430, 4050, 4050, 810, 405, 3645, 810, 2835, 1620, 3240, 1620, 2430, 2835, 2835, 3645, 3240, 2835, 4050, 1620, 4050, 2025, 810, 1215, 4050, 1215, 2835, 2430, 3645, 810, 2835, 810, 810, 1215, 810, 405, 3645, 2025, 4050, 1215, 1215, 1620, 810, 2430, 2835, 1215, 405, 405, 4050, 2025, 2430, 405, 2025, 810, 3645, 3645, 4050, 3645, 3240, 810, 1215, 2025, 810, 2025, 405, 2835, 4050, 405, 2025, 2430, 810, 2430, 2835, 3645, 2430, 2025, 3240, 2835, 1215, 4050, 2025, 4050, 4050, 1620, 3240, 2025, 810, 1215, 4050, 2835, 1620, 3645, 3240, 3645, 4050, 810, 4050, 2025, 1620, 4050, 3240, 2835, 2430, 2835, 2025, 810, 1620, 4050, 405, 3240, 2835, 3645, 2025, 4050, 405, 2025, 3240, 1620, 405, 4050, 1215, 3240, 2835, 3645, 3645, 810, 2025, 2835, 2835, 1215, 1620, 405, 4050, 2835, 2430, 3240, 2430, 2025, 2835, 2025, 2835, 2025, 1620, 4050, 2835, 3240, 2430, 1215, 810, 405, 2025, 3240, 1215, 1215, 2835, 2430, 1620, 810, 2835, 1215, 3645, 810, 2025, 3240, 1215, 4050, 2835, 810, 4050, 2835, 3645, 810, 2835, 3645, 4050, 2835, 2430, 3645, 2835, 1215, 1215, 4050, 2430, 1620, 2835, 4050, 810, 3240, 405, 405, 1215, 2025, 405, 1620, 3240, 4050, 2430, 2430, 1215, 2025, 3240, 1620, 2025, 2835, 2025, 2430, 4050, 2835, 2430, 810, 3645, 2835, 2025, 4050, 4050, 1620, 4050, 405, 1620, 4050, 1215, 1215, 810, 3240, 4050, 1215, 1215, 4050, 1620, 405, 3645, 3645, 3240, 3240, 3240, 1620, 2430, 4050, 2430, 405, 4050, 2835, 1215, 1620, 3240, 3240, 2835, 3240, 2430, 2835, 810, 2430, 1620, 1215, 1620, 810, 1620, 1215, 3645, 1215, 3240, 2025, 2430, 1215, 405, 2835, 1620, 2835, 3240, 3645, 4050, 405, 2430, 1215, 2025, 810, 3645, 2025, 1620, 2835, 1215, 3240, 3645, 3645, 3645, 2025, 2430, 4050, 4050, 3645, 3240, 2430, 4050, 4050, 2430, 1215, 3240, 2430, 2835, 3645, 3240, 3240, 3645, 405, 810, 2430, 2835, 4050, 405, 1620, 4050, 3645, 1620, 2430, 810, 810, 2430, 405, 2430, 2835, 4050, 405, 4050, 1215, 1215, 3645, 2430, 3645, 2025, 3240, 1620, 405, 4050, 1215, 2430, 1215, 1215, 4050, 2025, 3645, 3240, 2835, 4050, 2430, 810, 1620, 2430, 3240, 2025, 405, 3645, 2025, 3240, 2430, 4050, 2025, 1620, 2430, 2430, 405, 405, 4050, 4050, 2025, 3645, 1215, 2430, 1620, 2430, 405, 2430, 810, 4050, 810, 4050, 1215, 2025, 3645, 3645, 2835, 3645, 810, 3645, 3645, 1620, 810, 810, 2025, 2835, 4050, 1215, 2430, 3645, 810, 810, 2835, 810, 405, 2430, 1215, 4050, 3645, 2430, 1620, 2430, 2430, 1620, 3240, 2025, 1620, 1215, 3645, 3240, 1215, 405, 2835, 2430, 2025, 2430, 3645, 405, 3645, 2835, 405, 810, 1620, 3240, 3240, 1215, 4050, 3240, 3240, 2835, 2025, 405, 3645, 405, 2430, 810, 3240, 3645, 3645, 1620, 3645, 2025, 1215, 810, 2430, 810, 810, 2430, 405, 1620, 4050, 405, 1215, 810, 810, 1620, 2430, 405, 810, 810, 1215, 2835, 405, 2430, 3240, 810, 3240, 1620, 2835, 2835, 810, 1215, 405, 2025, 1215, 2430, 405, 2430, 1620, 2430, 4050, 405, 3240, 2025, 3240, 3240, 3645, 3645, 3240, 405, 3240, 1215, 1215, 405, 810, 810, 1215, 2430, 2835, 810, 2835, 2430, 2835, 3240, 1215, 1215, 1620, 810, 3240, 2025, 2835, 2025, 810, 2430, 1620, 4050, 1215, 1620, 3240, 1215, 3240, 810, 3645, 405, 2025, 810, 405, 810, 3240, 810, 2025, 810, 810, 1215, 810, 1620, 1620, 2025, 3645, 2430, 2835, 4050, 2025, 810, 3240, 3240, 2025, 1215, 1620, 2430, 3240, 405, 2835, 1215, 4050, 3645, 2025, 405, 4050, 2025, 2025, 2025, 3240, 2430, 2430, 405, 2430, 405, 4050, 1620, 3240, 810, 2025, 2430, 4050, 3645, 810, 2430, 2430, 405, 2025, 810, 2430, 405, 2430, 405, 2025, 2835, 4050, 2430, 2835, 3645, 4050, 3240, 405, 2430, 4050, 810, 405, 405, 2835, 1215, 1215, 405, 1215, 2430, 4050, 3645, 2025, 2835, 3645, 2835, 2430, 2430, 1620, 4050, 3645, 2430, 1620, 3645, 405, 2430, 4050, 2430, 2835, 2430, 2835, 3645, 2430, 3645, 2025, 2430, 1620, 405, 1620, 1215, 405, 2835, 3645, 1215, 4050, 4050, 2835, 4050, 1215, 1215, 2430, 1620, 1620, 3240, 2025, 2835, 810, 3645, 405, 1620, 2835, 2835, 4050, 2430, 1215, 2430, 2430, 2835, 3645, 3240, 3645, 3645, 2025, 3240, 405, 4050, 810, 4050, 2025, 1620, 810, 3645, 4050, 3240, 810, 2835, 1620, 2835, 3240, 1620, 4050, 2025, 4050, 1215, 3645, 1215, 810, 4050, 1620, 1620, 810, 405, 2430, 2430, 1215, 2835, 810, 3645, 3645, 1620, 4050, 1215, 3240, 2835, 3240, 2025, 810, 810, 2025, 1215, 3645, 3645, 2835, 2430, 1620, 405, 810, 405, 3645, 2835, 2430, 3240, 1215, 810, 2430, 2025, 2835, 1620, 405, 3645, 2025, 2835, 1620, 2025, 3645, 2430, 405, 2835, 1215, 1215, 3240, 3645, 1215, 810, 3645, 3240, 2025, 4050, 3645, 2835, 4050, 2835, 4050, 2835, 810, 810, 1620, 2025, 2430, 810, 4050, 3645, 1620, 1215, 2835, 810, 405, 1215, 405, 1215, 2835, 3240, 4050, 2025, 4050, 405, 3240, 3240, 3645, 1620, 4050, 4050, 2025, 2835, 2835, 2430, 2025, 3645, 1215, 3645, 1620, 3645, 2025, 2835, 2430, 405, 2025, 1620, 2835, 2835, 1215, 1215, 4050, 1215, 2025, 810, 4050, 2430, 2835, 3240, 4050, 2430, 3645, 4050, 3645, 4050, 2835, 2025, 4050, 405, 1620, 3645, 3645, 3240, 405, 405, 1620, 2025, 810, 1620, 4050, 2430, 2430, 1215, 2430, 405, 2025, 1215, 4050, 2430, 2025, 810, 2025, 2835, 1215, 4050, 3240, 3645, 2835, 810, 1620, 3240, 4050, 1620, 2430, 2835, 3240, 3240, 3645, 405, 405, 3240, 2835, 4050, 3240, 1620, 810, 1215, 2025, 2430, 405, 2430, 2025, 405, 2430, 2835, 3645, 1620, 3240, 2025, 1215, 1620, 810, 810, 405, 1215, 405, 2025, 3645, 4050, 2430, 1620, 3240, 405, 3240, 1215, 1215, 3240, 405, 3645, 4050, 2430, 1620, 4050, 405, 3240, 1620, 2430, 3240, 1215, 4050, 2025, 2025, 1215, 2025, 2025, 1620, 2430, 4050, 2835, 405, 810, 2430, 405, 810, 3645, 2430, 405, 3645, 1215, 2835, 1215, 1215, 810, 405, 2835, 810, 810, 4050, 810, 2025, 1215, 1215, 2835, 1620, 2835, 2025, 4050, 1215, 2430, 4050, 2835, 2835, 1215, 1620, 2025, 4050, 3645, 1215, 405, 2430, 2430, 810, 3240, 2835, 405, 1620, 2835, 2025, 2025, 2025, 3645, 3240, 3240, 2025, 4050, 1620, 810, 2835, 405, 2430, 2835, 3240, 2430, 2025, 4050, 3240, 2835, 810, 2430, 2025, 3240, 3645, 1620, 405, 2835, 2835, 405, 4050, 3645, 3645, 405, 405, 4050, 2025, 3645, 405, 3645, 405, 2025, 3240, 1215, 4050, 2025, 4050, 810, 405, 1620, 2025, 3645, 2430, 2025, 3240, 3240, 2835, 1620, 1620, 4050, 3240, 405, 2430, 1620, 3645, 2430, 810, 4050, 810, 2430, 1215, 405, 810, 810, 2025, 810, 3645, 3240, 2835, 1620, 405, 3645, 2025, 2430, 1620, 3645, 4050, 2835, 810, 1215, 1215, 1215, 2835, 3645, 1620, 405, 4050, 810, 405, 2835, 1215, 1620, 405, 1620, 1620, 2025, 4050, 2430, 3240, 2430, 3645, 3645, 3645, 2835, 1620, 1215, 4050, 4050, 2025, 3240, 810, 2025, 3645, 2835, 810, 1620, 4050, 2025, 2025, 405, 4050, 810, 4050, 405, 4050, 405, 1215, 2835, 1215, 2025, 1215, 810, 1620, 405, 2835, 2025, 3645, 1620, 2430, 810, 405, 1215, 3645, 405, 1620, 1215, 810, 2430, 1620, 3645, 3645, 1620, 4050, 3240, 3645, 1215, 3645, 3240, 3645, 3645, 3645, 2025, 3240, 405, 2835, 1620, 1215, 3645, 3240, 2835, 4050, 1215, 2835, 2025, 3240, 810, 2430, 810, 3645, 810, 2025, 2430, 4050, 405, 1215, 810, 1215, 3645, 2025, 1215, 1215, 2025, 3240, 4050, 810, 3645, 2430, 405, 3240, 3240, 1215, 3240, 2835, 810, 405, 810, 810, 1215, 4050, 2025, 405, 4050, 405, 2025, 405, 2430, 2025, 2430, 810, 4050, 3240, 2430, 405, 1620, 405, 1215, 810, 405, 3240, 2025, 3645, 3645, 2430, 1620, 2835, 2835, 810, 4050, 3240, 405, 2025, 2430, 810, 2430, 1620, 4050, 3240, 2025, 2835, 3645, 2430, 405, 2025, 810, 4050, 4050, 2430, 2025, 3645, 2835, 1215, 810, 810, 2835, 2025, 2025, 2025, 2430, 810, 1215, 810, 2025, 3240, 1215, 4050, 2025, 405, 4050, 4050, 2835, 4050, 810, 2025, 405, 2430, 405, 405, 405, 3240, 4050, 2025, 1620, 3240, 2430, 3240, 2430, 4050, 4050, 3645, 1620, 2835, 3645, 3645, 3240, 810, 2430, 2835, 3240, 2430, 810, 1215, 1620, 1215, 405, 405, 1215, 3645, 4050, 2430, 4050, 3645, 3240, 405, 2430, 3240, 2025, 3240, 2835, 405, 3645, 1215, 405, 2430, 810, 2430, 3240, 405, 3240, 2835, 405, 3645, 3240, 1620, 4050, 1215, 810, 1620, 2835, 2430, 1620, 405, 3240, 1215, 405, 2430, 2835, 2430, 4050, 2835, 1215, 810, 3645, 810, 810, 2835, 2835, 1215, 2025, 810, 2835, 2835, 810, 1620, 2025, 2835, 4050, 1620, 2835, 4050, 2835, 2835, 2430, 3645, 4050, 3240, 405, 3240, 2025, 4050, 2025, 405, 1215, 2025, 2430, 405, 3645, 1620, 1215, 4050, 405, 2025, 2025, 4050, 2025, 1620, 3240, 1620, 2025, 2430, 810, 2835, 2430, 4050, 2835, 810, 1620, 2025, 2430, 2430, 405, 3240, 2430, 3240, 2430, 1620, 3240, 2430, 2835, 2430, 810, 3240, 1215, 2025, 810, 4050, 1620, 2430, 1620, 1620, 810, 2835, 3240, 2835, 3240, 4050, 405, 810, 2835, 4050, 2835, 1215, 3240, 810, 2835, 3240, 405, 405, 3240, 810, 2430, 3240, 3240, 3240, 2835, 1620, 4050, 3645, 3240, 2025, 3240, 2430, 2430, 3645, 810, 405, 3645, 2835, 2430, 2025, 1215, 1620, 2430, 3645, 810, 405, 2430, 2430, 2835, 2025, 2025, 3645, 1215, 2430, 4050, 2430, 4050, 1620, 2430, 1215, 1215, 1620, 2025, 3645, 2025, 3645, 2835, 1620, 405, 2430, 3240, 3240, 3240, 2025, 2835, 2025, 2430, 405, 2430, 810, 3645, 3645, 2835, 1215, 3645, 3240, 810, 810, 1620, 1215, 4050, 2025, 810, 3240, 4050, 1215, 1620, 2430, 810, 405, 1215, 1620, 1620, 405, 3645, 810, 3240, 3645, 3240, 810, 3645, 405, 1215, 405, 1215, 4050, 2835, 1215, 2835, 405, 3240, 2835, 405, 3240, 3240, 3240, 1620, 2835, 3645, 2835, 2835, 3645, 1620, 2430, 3645, 2835, 2430, 405, 1620, 2025, 2835, 2835, 405, 810, 3240, 405, 810, 3240, 3645, 3240, 405, 4050, 2835, 405, 405, 3240, 810, 2025, 1620, 3645, 3645, 810, 3240, 1620, 810, 3240, 1620, 4050, 1620, 2025, 2430, 2025, 3645, 2835, 2430, 2025, 4050, 405, 1620, 3645, 2430, 3645, 3240, 2025, 810, 3645, 2835, 810, 1620, 2025, 2835, 405, 3645, 3240, 3645, 1620, 4050, 2835, 3645, 3240, 405, 405, 3645, 2430, 810, 3240, 3645, 3645, 3645, 2025, 2025, 3240, 3240, 405, 1620, 2430, 2430, 2835, 2025, 3645, 1620, 810, 2025, 2430, 810, 405, 1215, 810, 2430, 4050, 1620, 1620, 1215, 4050, 2835, 2025, 4050, 1215, 4050, 810, 1215, 3645, 3645, 2430, 2025, 405, 3240, 2835, 810, 4050, 1620, 1620, 2835, 1215, 3240, 405, 405, 4050, 2835, 2430, 3240, 4050, 3645, 3240, 405, 2430, 3645, 2025, 4050, 2025, 405, 405, 810, 810, 2025, 2430, 1215, 405, 1620, 405, 810, 810, 810, 4050, 2430, 1620, 2430, 3240, 1215, 4050, 4050, 4050, 1215, 1620, 1215, 405, 2835, 4050, 3240, 1620, 810, 3645, 405, 3240, 3645, 3645, 405, 405, 2025, 405, 1620, 405, 2835, 3645, 810, 1620, 3645, 2835, 4050, 810, 2025, 4050, 1215, 405, 810, 405, 405, 1215, 3240, 4050, 2025, 1620, 810, 1620, 810, 405, 2835, 2025, 2835, 3240, 810, 4050, 1620, 2835, 1215, 405, 3240, 3645, 4050, 810, 810, 2025, 405, 3645, 2025, 405, 2430, 810, 4050, 3240, 2430, 1215, 1215, 405, 4050, 4050, 3240, 810, 810, 3240, 2430, 810, 2430, 405, 405, 2835, 3240, 1215, 2430, 405, 3645, 2430, 1620, 810, 2430, 3645, 1620, 405, 2835, 2025, 1215, 1215, 1215, 2430, 4050, 2025, 3240, 2025, 405, 1620, 2430, 2835, 2430, 4050, 810, 2430, 810, 4050, 4050, 2025, 4050, 2430, 4050, 2025, 810, 2430, 2025, 1620, 1215, 3240, 2835, 4050, 1215, 1620, 3645, 2025, 2025, 3240, 2835, 2430, 2430, 405, 1620, 2835, 2835, 2835, 2835, 2835, 3240, 1215, 4050, 3240, 2025, 2835, 405, 1215, 1620, 405, 3645, 3240, 1620, 3240, 3645, 3240, 810, 4050, 2835, 3240, 1620, 1620, 2835, 810, 3645, 2835, 2430, 2835, 3240, 405, 2835, 1215, 1620, 810, 405, 3240, 1215, 2835, 1215, 3645, 2835, 1215, 4050, 1215, 2835, 2025, 3240, 3240, 3645, 2430, 4050, 4050, 1620, 2025, 2835, 2025, 405, 4050, 1620, 2430, 2430, 4050, 1215, 405, 2835, 3240, 1215, 2025, 2430, 1215, 3645, 4050, 1620, 405, 810, 4050, 1620, 3645, 1215, 3645, 2025, 810, 2025, 405, 2835, 2835, 2025, 4050, 3645, 1215, 810, 810, 2025, 2835, 2430, 1215, 4050, 3645, 810, 4050, 1215, 1620, 1620, 405, 2430, 1215, 810, 4050, 4050, 2835, 1620, 2835, 810, 4050, 3645, 4050, 405, 4050, 2430, 2430, 810, 2835, 1215, 3240, 3645, 1620, 810, 1215, 2025, 810, 1215, 1620, 405, 4050, 2025, 3240, 4050, 1620, 4050, 1620, 2430, 3645, 3645, 405, 2025, 2025, 405, 2430, 2835, 1620, 810, 2025, 810, 2025, 1215, 2025, 2430, 3240, 810, 4050, 810, 2835, 1620, 1215, 1215, 2430, 810, 3240, 2835, 810, 405, 1215, 2835, 810, 3645, 405, 3645, 405, 1620, 1215, 2430, 4050, 2430, 3240, 3645, 2025, 2430, 2025, 2430, 1620, 4050, 2835, 2430, 4050, 2835, 1215, 4050, 3240, 3645, 2430, 2430, 810, 3240, 1620, 405, 405, 1215, 4050, 2835, 4050, 2430, 1620, 1215, 4050, 2430, 1620, 2025, 1620, 405, 3645, 405, 2835, 405, 810, 3240, 4050, 405, 810, 1620, 2835, 2025, 2835, 2430, 2835, 405, 3240, 2835, 405, 2430, 2430, 2025, 2430, 2430, 1620, 4050, 3645, 3240, 2025, 3645, 1215, 3645, 4050, 1215, 1620, 2835, 1215, 1215, 405, 2835, 810, 810, 2835, 1620, 4050, 3645, 1620, 3645, 1215, 1620, 1215, 405, 4050, 405, 2430, 3645, 810, 405, 810, 2025, 3645, 3240, 2025, 1215, 405, 1620, 3240, 810, 3240, 1620, 810, 2835, 2025, 1215, 1620, 2835, 810, 4050, 2430, 2835, 405, 2430, 405, 3645, 2835, 2025, 2430, 2835, 4050, 2430, 1620, 2025, 810, 405, 2430, 1620, 810, 2835, 405, 1620, 2430, 3645, 1620, 810, 1620, 3240, 3240, 3240, 1620, 405, 1215, 3645, 2835, 2835, 2430, 2430, 810, 810, 1620, 405, 3645, 2025, 2430, 810, 1215, 4050, 1620, 1620, 2025, 3645, 405, 3240, 1215, 405, 2835, 4050, 810, 810, 3645, 1620, 3645, 3645, 1620, 3645, 2835, 2430, 405, 2835, 810, 3240, 2025, 1215, 4050, 2430, 2025, 2430, 2430, 4050, 1215, 810, 2835, 405, 4050, 4050, 810, 2430, 3645, 2835, 1215, 810, 1620, 2430, 2835, 2430, 2835, 3240, 2835, 3240, 3240, 405, 405, 1215, 2835, 405, 1620, 1620, 405, 3645, 2025, 810, 2835, 2025, 4050, 3645, 4050, 2025, 3645, 3645, 2025, 2430, 3645, 1215, 1215, 4050, 3240, 405, 3645, 1620, 2430, 2025, 1620, 2835, 4050, 1620, 2025, 1215, 1620, 405, 405, 2025, 405, 3645, 2430, 2430, 1620, 1215, 1620, 405, 1215, 3645, 2430, 2025, 2430, 810, 3240, 2835, 405, 4050, 1215, 2835, 3240, 2835, 3240, 4050, 2430, 2835, 3240, 1620, 3240, 3645, 1215, 2025, 1620, 1215, 3645, 3240, 1215, 2430, 1215, 3240, 1620, 1620, 1215, 2835, 2025, 2430, 2835, 1620, 2430, 405, 2025, 2430, 1620, 2025, 2835, 4050, 4050, 3645, 405, 405, 3645, 4050, 1215, 4050, 810, 3240, 2835, 1620, 4050, 3240, 405, 2025, 2025, 4050, 810, 2835, 4050, 2025, 810, 810, 1620, 2835, 2430, 1215, 3240, 810, 2430, 1215, 2430, 2835, 4050, 1215, 1620, 810, 2025, 3240, 2025, 1215, 810, 1215, 1215, 2430, 1620, 4050, 2835, 810, 405, 405, 2430, 2025, 1215, 3240, 1215, 2835, 810, 405, 1620, 2835, 4050, 3645, 3240, 405, 3240, 3645, 2430, 3240, 2025, 1215, 3240, 3240, 3240, 810, 2430, 3645, 3645, 405, 3645, 4050, 405, 3645, 2025, 3240, 2835, 2430, 405, 810, 4050, 4050, 405, 4050, 3240, 810, 2025, 1215, 3240, 810, 1620, 405, 3240, 2430, 405, 405, 4050, 2025, 4050, 405, 3240, 3645, 1215, 2430, 3240, 2835, 4050, 1620, 810, 3240, 810, 3240, 3645, 1620, 3240, 2835, 1215, 4050, 4050, 2835, 4050, 2835, 2025, 4050, 1620, 2430, 1620, 4050, 2430, 405, 2430, 1215, 2835, 1620, 2025, 2835, 1215, 2430, 1620, 1620, 1620, 2430, 1620, 2835, 3240, 405, 405, 3240, 2430, 3240, 2430, 1620, 2025, 405, 3240, 405, 3240, 3645, 2835, 405, 2430, 2025, 810, 4050, 3240, 2025, 4050, 2430, 2430, 2025, 1620, 2430, 405, 4050, 2835, 4050, 2025, 2835, 4050, 1215, 1215, 810, 3645, 2430, 1620, 4050, 2835, 810, 3645, 2835, 2835, 2835, 1215, 2430, 2430, 1215, 4050, 2025, 3240, 2835, 2025, 2430, 2835, 2025, 1620, 2835, 3240, 810, 3645, 1215, 3645, 2835, 1215, 4050, 4050, 2430, 2835, 405, 2835, 1620, 2835, 2835, 1620, 405, 1215, 2025, 2025, 3240, 810, 810, 810, 2025, 810, 2025, 2430, 2025, 1620, 3240, 3645, 2025, 2430, 2430, 3240, 2025, 810, 2025]
================================================================================================
