D:\kplib\11ProfitCeiling\n00050\R10000\s065.kp
e - s = 0.0012018680572509766
e - s <= 170.0: True
Capacity = 127589
Total value = 127581
Total weight: 127589
Packed items: [2, 3, 6, 8, 9, 10, 13, 16, 18, 20, 24, 25, 27, 28, 29, 30, 32, 35, 37, 39, 43, 48, 49]
Packed_weights: [8448, 4438, 3390, 9001, 720, 5610, 6234, 5284, 7977, 1371, 2307, 9221, 3981, 4761, 6996, 7593, 3345, 2706, 4302, 8776, 8119, 9784, 3225]
================================================================================================
D:\kplib\11ProfitCeiling\n00100\R10000\s046.kp
e - s = 0.0
e - s <= 170.0: True
Capacity = 223437
Total value = 223431
Total weight: 223437
Packed items: [0, 3, 4, 6, 7, 9, 10, 16, 17, 18, 19, 20, 23, 25, 29, 30, 37, 39, 40, 44, 47, 48, 50, 52, 53, 54, 57, 58, 62, 66, 67, 68, 70, 75, 76, 78, 79, 82, 83, 84, 86, 87, 92, 99]
Packed_weights: [8883, 8598, 2286, 5838, 9472, 690, 3201, 9679, 9346, 930, 9744, 4788, 744, 5445, 7785, 2751, 3018, 2037, 1149, 6768, 1158, 5602, 7513, 5823, 1716, 5427, 8583, 1743, 3009, 6495, 351, 7749, 858, 7806, 8199, 4710, 7050, 3117, 1320, 411, 9759, 3777, 9120, 8989]
================================================================================================
D:\kplib\11ProfitCeiling\n00200\R10000\s008.kp
e - s = 180.03158593177795
e - s <= 170.0: False
Capacity = 485134
Total value = 485106
Total weight: 485133
Packed items: [0, 4, 5, 6, 7, 11, 12, 18, 19, 23, 25, 27, 31, 34, 37, 40, 41, 44, 45, 46, 53, 54, 57, 59, 63, 64, 69, 72, 73, 76, 77, 86, 87, 88, 95, 96, 98, 99, 101, 102, 104, 107, 110, 112, 113, 114, 117, 118, 119, 120, 124, 125, 126, 128, 130, 131, 133, 134, 138, 139, 145, 146, 149, 150, 152, 155, 158, 163, 164, 165, 166, 167, 168, 169, 170, 172, 175, 177, 180, 181, 182, 183, 189, 190, 192, 193, 194]
Packed_weights: [2268, 852, 2475, 9992, 2094, 4950, 1923, 4077, 9021, 9917, 6202, 6609, 6498, 1422, 4887, 5790, 7290, 3567, 8781, 1350, 5037, 1977, 5098, 9033, 2439, 120, 8344, 3963, 1662, 2019, 7665, 4461, 4180, 5886, 8077, 5050, 9801, 630, 1404, 3864, 7438, 30, 8752, 9652, 7594, 9905, 9699, 4416, 834, 6055, 1221, 5808, 4527, 4395, 7155, 4713, 3609, 2256, 7252, 7084, 9678, 7557, 2007, 2295, 7440, 6132, 9276, 9769, 3693, 9415, 8505, 5163, 6252, 9571, 7833, 8458, 9586, 3120, 8427, 6844, 9361, 7281, 5290, 8382, 687, 7332, 2709]
================================================================================================
D:\kplib\11ProfitCeiling\n00500\R10000\s076.kp
e - s = 1.247781753540039
e - s <= 170.0: True
Capacity = 1251696
Total value = 1251642
Total weight: 1251696
Packed items: [1, 2, 3, 4, 10, 12, 14, 16, 18, 22, 23, 24, 30, 31, 34, 35, 36, 38, 40, 41, 46, 47, 49, 50, 52, 56, 57, 58, 61, 64, 65, 66, 68, 69, 79, 81, 86, 90, 95, 99, 102, 103, 105, 107, 112, 113, 114, 115, 116, 118, 119, 120, 121, 122, 124, 125, 127, 128, 130, 131, 132, 138, 142, 143, 147, 152, 153, 157, 158, 160, 161, 162, 164, 165, 169, 172, 174, 175, 179, 180, 181, 182, 184, 186, 187, 196, 197, 199, 200, 203, 205, 207, 208, 209, 210, 213, 214, 217, 222, 223, 226, 230, 232, 235, 236, 239, 240, 241, 242, 245, 246, 247, 248, 250, 252, 255, 256, 259, 261, 262, 264, 266, 268, 269, 272, 274, 279, 283, 284, 286, 289, 292, 293, 295, 299, 300, 302, 303, 308, 311, 312, 315, 317, 320, 322, 324, 327, 328, 329, 332, 334, 335, 336, 337, 338, 339, 340, 341, 342, 343, 345, 346, 349, 354, 357, 358, 359, 360, 363, 365, 367, 368, 369, 372, 375, 380, 385, 387, 388, 389, 390, 393, 394, 395, 398, 400, 406, 407, 410, 411, 414, 416, 420, 421, 423, 425, 427, 429, 432, 433, 438, 439, 440, 441, 443, 444, 445, 446, 451, 452, 454, 455, 456, 457, 459, 462, 463, 468, 470, 471, 473, 477, 479, 481, 482, 483, 484, 485, 487, 491, 492, 494, 495, 499]
Packed_weights: [9502, 2001, 2970, 4182, 8472, 7893, 6591, 6069, 7429, 6291, 4026, 999, 1053, 7302, 8028, 9009, 4995, 5991, 4452, 4371, 7506, 7777, 9474, 5601, 5877, 6094, 5994, 927, 7333, 5580, 546, 651, 8884, 7875, 999, 9093, 4041, 8337, 1182, 8019, 9979, 8286, 54, 7011, 6840, 2154, 4086, 7101, 4533, 1218, 9319, 3015, 7348, 5025, 7023, 4914, 8661, 6844, 1851, 783, 8590, 6415, 7731, 918, 4062, 1368, 810, 1548, 4092, 7423, 3711, 5103, 6424, 1287, 5466, 5868, 5754, 6615, 279, 7288, 6763, 1275, 3315, 8733, 1629, 5760, 6685, 5901, 1272, 9258, 5931, 414, 7371, 648, 7198, 6684, 7594, 6472, 5280, 1125, 5154, 7300, 9825, 7366, 2430, 6093, 6132, 9684, 8544, 1326, 348, 7462, 9606, 1575, 3216, 1008, 7471, 6225, 5358, 2454, 3324, 8962, 3315, 8125, 1461, 4044, 3981, 5904, 3099, 462, 4212, 5652, 3183, 6799, 5097, 4137, 9874, 3228, 8287, 90, 8257, 3024, 2034, 9219, 8455, 6922, 1908, 9493, 5115, 8749, 7834, 8085, 9924, 9931, 6150, 8628, 8250, 5361, 7752, 7282, 1983, 2382, 7812, 8442, 5556, 6792, 5445, 8943, 552, 2382, 6405, 2442, 8937, 7171, 3435, 6637, 3357, 7014, 9598, 1980, 8346, 8407, 6528, 807, 5319, 4764, 9400, 7734, 3858, 321, 5919, 1398, 8769, 9664, 348, 228, 9520, 4146, 8472, 8733, 6805, 4068, 9096, 7270, 4794, 906, 3309, 1737, 2241, 1464, 9085, 6105, 4053, 1953, 6834, 7780, 2769, 3474, 4509, 7270, 8724, 483, 7309, 7816, 6352, 7008, 3366, 8599, 2508, 2544, 7266, 8248, 564, 1734]
================================================================================================
D:\kplib\11ProfitCeiling\n01000\R10000\s058.kp
e - s = 179.62305188179016
e - s <= 170.0: False
Capacity = 2563956
Total value = 2563851
Total weight: 2563956
Packed items: [0, 1, 2, 3, 5, 7, 8, 11, 12, 13, 16, 21, 22, 24, 26, 29, 34, 37, 39, 43, 47, 48, 52, 53, 59, 63, 67, 68, 70, 74, 77, 79, 80, 82, 85, 86, 87, 90, 93, 94, 97, 98, 101, 103, 104, 105, 107, 111, 112, 114, 123, 125, 126, 127, 131, 136, 139, 142, 143, 145, 148, 153, 157, 161, 163, 164, 168, 170, 171, 172, 177, 180, 182, 185, 187, 188, 192, 196, 197, 204, 206, 208, 210, 214, 216, 217, 221, 223, 225, 226, 228, 229, 230, 231, 232, 233, 234, 238, 240, 241, 242, 244, 247, 251, 252, 258, 259, 260, 262, 264, 265, 266, 269, 270, 273, 274, 277, 278, 279, 282, 288, 289, 291, 292, 295, 296, 299, 304, 305, 316, 324, 333, 334, 335, 336, 341, 342, 343, 345, 348, 351, 354, 356, 357, 360, 361, 362, 363, 366, 367, 369, 371, 373, 375, 377, 379, 380, 382, 383, 384, 391, 392, 393, 394, 397, 398, 399, 401, 402, 403, 408, 409, 413, 415, 416, 417, 424, 425, 428, 429, 435, 436, 437, 438, 440, 441, 443, 444, 447, 448, 449, 452, 453, 454, 457, 458, 460, 465, 466, 467, 468, 470, 472, 473, 475, 478, 479, 482, 483, 489, 491, 492, 495, 497, 498, 502, 503, 504, 508, 519, 522, 525, 527, 528, 529, 533, 534, 535, 536, 537, 538, 540, 541, 543, 549, 552, 553, 554, 555, 558, 559, 561, 566, 568, 570, 572, 578, 580, 581, 582, 583, 584, 585, 587, 589, 590, 591, 594, 595, 600, 608, 609, 612, 613, 615, 617, 618, 619, 621, 623, 624, 630, 631, 633, 634, 635, 637, 640, 642, 644, 646, 650, 651, 654, 658, 660, 666, 667, 669, 671, 672, 676, 678, 681, 687, 690, 691, 694, 697, 698, 699, 700, 701, 702, 703, 704, 706, 708, 710, 711, 712, 715, 718, 720, 726, 727, 729, 731, 733, 736, 737, 739, 743, 745, 746, 748, 749, 754, 761, 762, 770, 771, 772, 776, 777, 783, 785, 789, 791, 793, 794, 795, 797, 800, 803, 806, 809, 810, 811, 815, 816, 817, 819, 820, 821, 825, 831, 832, 835, 837, 839, 840, 842, 844, 845, 855, 856, 857, 861, 862, 866, 869, 870, 871, 877, 879, 882, 885, 887, 888, 889, 891, 892, 894, 895, 897, 898, 899, 901, 903, 905, 910, 913, 914, 918, 920, 922, 925, 928, 932, 935, 938, 943, 946, 947, 949, 950, 952, 955, 956, 958, 961, 962, 963, 965, 976, 977, 980, 981, 982, 986, 988, 990, 993, 995, 996, 997, 998, 999]
Packed_weights: [5808, 2058, 6420, 9465, 4494, 2880, 8770, 4191, 8719, 1047, 735, 6675, 1347, 8682, 6120, 9135, 2274, 7189, 8298, 3330, 9039, 6099, 8800, 4926, 9556, 342, 9543, 4905, 7177, 5988, 8937, 9808, 1302, 2049, 7441, 7602, 4872, 5724, 5712, 7717, 8505, 4998, 540, 6138, 7200, 4002, 8100, 8220, 7891, 9364, 2370, 4614, 615, 8503, 1164, 7980, 8371, 2460, 8761, 4128, 6366, 4044, 1515, 9945, 5232, 9055, 2223, 9318, 4572, 5001, 8535, 9906, 8188, 9733, 9052, 4137, 1107, 7554, 8124, 9046, 4527, 5961, 2118, 81, 8007, 9019, 9904, 3483, 7216, 5475, 7933, 3987, 9601, 6264, 9949, 3099, 3495, 5229, 4752, 7560, 3627, 9040, 9633, 4419, 4182, 7414, 1128, 8353, 1557, 8076, 3963, 3606, 4005, 3507, 6114, 1443, 9528, 7356, 9670, 7806, 9820, 6957, 609, 8529, 9640, 7695, 2727, 4479, 2130, 7837, 3768, 7249, 8674, 7177, 1410, 9159, 8734, 9792, 7416, 4608, 8592, 9484, 8460, 2541, 8460, 8122, 9040, 2523, 1743, 8127, 3186, 8101, 90, 7207, 5844, 7663, 432, 348, 4344, 3552, 8988, 6789, 3795, 4008, 4251, 9903, 5028, 9600, 7278, 4020, 8485, 9250, 8916, 2997, 585, 4134, 7684, 7987, 777, 3972, 5145, 1221, 3024, 2496, 3543, 1551, 7927, 6462, 2877, 288, 2826, 9858, 9306, 5757, 9078, 9085, 8695, 3336, 2232, 7173, 6840, 6423, 7882, 7335, 4047, 6363, 3066, 6282, 7663, 8152, 525, 6246, 4293, 5158, 8655, 9793, 7959, 8836, 9477, 9724, 4854, 5166, 6837, 4251, 9655, 9232, 3051, 5118, 7276, 8035, 7614, 7819, 9439, 7834, 7716, 9292, 3663, 6150, 1494, 252, 8706, 8284, 9289, 9804, 840, 3840, 8415, 2700, 4518, 5355, 4776, 9292, 7026, 7047, 5451, 3624, 7447, 8971, 6762, 5889, 2355, 627, 8335, 726, 9426, 9649, 9612, 2646, 3684, 6693, 5139, 2517, 8119, 8461, 1008, 8875, 6057, 1434, 492, 8643, 5817, 2796, 8157, 5727, 9075, 2067, 9349, 2121, 9429, 5172, 8923, 8038, 2283, 9700, 7717, 6483, 2091, 354, 3558, 2796, 6774, 9219, 3339, 5457, 7821, 9390, 7978, 9553, 2496, 2232, 8433, 5778, 8670, 6864, 5124, 6828, 4143, 3192, 1098, 6408, 9909, 2364, 9792, 9877, 5715, 7155, 9762, 8334, 5721, 1680, 9136, 9892, 4305, 8940, 2418, 5397, 8538, 5406, 8089, 1350, 1656, 2649, 6432, 87, 7074, 4488, 4674, 7854, 6090, 9345, 8124, 7140, 7543, 7848, 7765, 7392, 9679, 7279, 6270, 9853, 8266, 4272, 8940, 2358, 8151, 7692, 7425, 9306, 7219, 9067, 9159, 7942, 8847, 9205, 2637, 627, 7432, 1107, 1374, 9294, 4614, 2157, 7282, 7680, 9286, 2262, 8205, 705, 7194, 7885, 8187, 5133, 4878, 5361, 2472, 585, 9249, 3618, 4539, 9348, 9289, 4941, 7743, 5643, 1992, 5526, 1053, 7491, 2355, 8623, 9774, 9858, 7297, 2247, 5826, 2397, 5196, 8457, 7867, 7423, 4566, 1683, 6066, 4227, 8863, 4080, 8034, 3408, 3162]
================================================================================================
D:\kplib\11ProfitCeiling\n02000\R10000\s030.kp
e - s = 180.0108036994934
e - s <= 170.0: False
Capacity = 4929046
Total value = 4928850
Total weight: 4929046
Packed items: [0, 1, 3, 6, 8, 12, 17, 23, 24, 29, 36, 37, 38, 40, 43, 51, 53, 54, 57, 59, 60, 61, 64, 66, 69, 72, 74, 76, 79, 80, 86, 89, 90, 93, 95, 96, 97, 100, 102, 105, 107, 109, 110, 112, 114, 115, 116, 120, 123, 124, 126, 129, 130, 134, 137, 138, 139, 140, 141, 144, 149, 151, 152, 153, 154, 161, 162, 163, 165, 167, 168, 169, 171, 174, 178, 180, 182, 184, 186, 187, 188, 189, 191, 195, 197, 201, 202, 203, 204, 206, 211, 212, 214, 215, 217, 218, 219, 220, 223, 225, 226, 229, 230, 231, 236, 241, 242, 243, 248, 249, 250, 251, 258, 259, 260, 263, 265, 266, 267, 270, 271, 272, 273, 283, 284, 288, 291, 293, 294, 296, 297, 300, 302, 303, 305, 306, 310, 312, 316, 317, 319, 320, 324, 330, 332, 333, 334, 337, 340, 341, 348, 350, 353, 354, 355, 356, 358, 359, 363, 366, 367, 368, 373, 379, 380, 384, 385, 386, 387, 393, 395, 396, 398, 399, 403, 405, 414, 416, 419, 422, 426, 429, 430, 431, 433, 434, 435, 436, 437, 439, 442, 444, 445, 446, 447, 451, 452, 456, 457, 462, 464, 466, 467, 468, 471, 475, 477, 478, 479, 480, 481, 482, 483, 494, 497, 499, 502, 506, 508, 511, 513, 515, 520, 522, 523, 524, 527, 528, 533, 535, 536, 540, 541, 542, 543, 545, 546, 547, 548, 550, 552, 555, 559, 564, 565, 569, 574, 575, 576, 577, 581, 584, 586, 589, 590, 592, 595, 596, 597, 599, 601, 611, 612, 615, 616, 620, 627, 628, 629, 632, 633, 635, 636, 637, 638, 643, 644, 646, 648, 649, 650, 651, 652, 654, 656, 658, 662, 663, 665, 666, 670, 674, 678, 679, 682, 683, 684, 685, 687, 689, 690, 693, 696, 703, 704, 705, 711, 713, 715, 716, 720, 722, 726, 728, 732, 734, 735, 743, 748, 749, 750, 753, 754, 756, 761, 766, 768, 771, 773, 774, 782, 783, 784, 785, 787, 788, 790, 794, 797, 800, 802, 803, 811, 815, 816, 817, 818, 820, 822, 824, 829, 830, 833, 834, 837, 839, 842, 844, 845, 846, 848, 850, 854, 855, 856, 859, 862, 869, 870, 872, 873, 874, 876, 878, 880, 881, 882, 886, 888, 892, 893, 896, 899, 901, 904, 905, 907, 910, 912, 915, 916, 917, 919, 920, 921, 926, 929, 930, 932, 937, 942, 944, 945, 946, 947, 948, 950, 952, 955, 956, 958, 963, 964, 976, 980, 983, 986, 989, 998, 999, 1000, 1002, 1003, 1006, 1007, 1009, 1010, 1014, 1017, 1018, 1021, 1024, 1025, 1028, 1029, 1032, 1034, 1037, 1038, 1039, 1040, 1041, 1045, 1046, 1047, 1049, 1053, 1054, 1055, 1058, 1061, 1066, 1068, 1069, 1072, 1074, 1079, 1080, 1082, 1088, 1094, 1095, 1097, 1100, 1101, 1102, 1103, 1106, 1107, 1108, 1109, 1110, 1111, 1116, 1117, 1120, 1122, 1123, 1124, 1127, 1129, 1130, 1132, 1135, 1137, 1138, 1142, 1143, 1144, 1145, 1146, 1149, 1150, 1152, 1154, 1155, 1157, 1158, 1164, 1166, 1171, 1174, 1177, 1179, 1180, 1184, 1186, 1187, 1188, 1197, 1198, 1199, 1201, 1203, 1210, 1211, 1213, 1214, 1216, 1219, 1221, 1223, 1225, 1226, 1227, 1234, 1236, 1239, 1244, 1245, 1246, 1247, 1248, 1250, 1252, 1253, 1256, 1258, 1263, 1264, 1268, 1270, 1271, 1272, 1274, 1276, 1277, 1281, 1282, 1284, 1288, 1289, 1290, 1291, 1292, 1294, 1297, 1301, 1302, 1304, 1305, 1308, 1309, 1312, 1314, 1315, 1316, 1317, 1320, 1321, 1324, 1329, 1331, 1332, 1333, 1335, 1336, 1338, 1340, 1341, 1342, 1345, 1348, 1349, 1352, 1354, 1357, 1362, 1363, 1366, 1369, 1372, 1373, 1375, 1376, 1378, 1379, 1381, 1382, 1383, 1386, 1390, 1395, 1398, 1399, 1402, 1406, 1410, 1413, 1414, 1415, 1416, 1417, 1424, 1427, 1433, 1435, 1436, 1438, 1439, 1441, 1443, 1447, 1448, 1450, 1452, 1458, 1459, 1460, 1464, 1471, 1474, 1475, 1479, 1480, 1481, 1482, 1484, 1485, 1488, 1490, 1494, 1499, 1501, 1504, 1505, 1508, 1510, 1512, 1514, 1517, 1519, 1522, 1526, 1529, 1530, 1532, 1535, 1538, 1539, 1540, 1541, 1542, 1544, 1548, 1550, 1552, 1553, 1555, 1557, 1558, 1559, 1564, 1565, 1566, 1567, 1569, 1571, 1572, 1576, 1577, 1580, 1584, 1585, 1589, 1590, 1593, 1594, 1595, 1599, 1600, 1601, 1605, 1606, 1607, 1609, 1614, 1621, 1624, 1625, 1627, 1629, 1631, 1633, 1634, 1639, 1640, 1643, 1644, 1646, 1647, 1649, 1650, 1653, 1656, 1657, 1658, 1662, 1663, 1666, 1667, 1671, 1673, 1678, 1689, 1691, 1694, 1697, 1698, 1703, 1705, 1707, 1708, 1713, 1722, 1723, 1725, 1729, 1732, 1735, 1736, 1737, 1739, 1742, 1743, 1748, 1751, 1754, 1755, 1757, 1758, 1759, 1760, 1761, 1764, 1770, 1772, 1773, 1774, 1780, 1782, 1783, 1786, 1789, 1791, 1794, 1796, 1797, 1798, 1802, 1804, 1807, 1808, 1810, 1816, 1818, 1821, 1825, 1826, 1828, 1831, 1832, 1833, 1834, 1835, 1837, 1839, 1841, 1842, 1848, 1851, 1854, 1857, 1858, 1860, 1864, 1865, 1867, 1869, 1870, 1872, 1873, 1875, 1876, 1877, 1879, 1885, 1886, 1892, 1895, 1897, 1898, 1899, 1906, 1910, 1912, 1915, 1917, 1922, 1925, 1926, 1927, 1930, 1931, 1932, 1940, 1941, 1944, 1947, 1953, 1956, 1958, 1959, 1960, 1962, 1963, 1966, 1968, 1971, 1972, 1975, 1977, 1980, 1982, 1984, 1987, 1988, 1989, 1990, 1992, 1993, 1994, 1996, 1999]
Packed_weights: [5391, 2892, 6537, 3972, 9889, 2427, 9175, 8053, 6720, 8952, 804, 2433, 3147, 4098, 5238, 9373, 4743, 4857, 2556, 6750, 6861, 8281, 2256, 3699, 6201, 6255, 7974, 6948, 7213, 9567, 327, 3918, 7876, 4428, 8232, 4965, 8505, 1386, 3897, 8368, 5775, 1428, 4254, 3807, 7603, 7693, 6123, 4476, 7624, 5742, 2427, 2007, 7393, 5178, 5664, 7594, 7753, 7236, 5175, 1497, 4431, 2226, 6492, 1434, 1647, 8344, 7726, 1203, 981, 4638, 930, 9360, 450, 8551, 7614, 7773, 5136, 7885, 4518, 630, 7281, 1734, 51, 5961, 3543, 8448, 5307, 8680, 6396, 1113, 1794, 702, 4248, 1278, 8766, 9273, 780, 6210, 3729, 3429, 3924, 8539, 9690, 3738, 1443, 7669, 6099, 8245, 1131, 5322, 8763, 8386, 2553, 7986, 8137, 8755, 9982, 3468, 7069, 9177, 6195, 6927, 3696, 2055, 2946, 7126, 7093, 9814, 6123, 5736, 1011, 1380, 39, 2961, 5331, 8562, 4758, 183, 4239, 807, 2652, 3006, 3045, 7896, 8613, 9159, 7999, 4002, 4074, 9714, 7347, 7624, 1068, 3894, 6759, 8454, 9039, 5514, 9438, 561, 3513, 1683, 3870, 7360, 7294, 7318, 99, 4374, 9163, 8208, 5049, 7350, 7810, 7875, 9307, 3810, 9654, 9060, 252, 8571, 9318, 9777, 54, 9573, 2874, 6909, 7423, 8290, 9450, 8988, 6141, 7981, 3660, 9313, 6234, 4533, 7519, 9403, 9654, 6036, 9220, 8325, 8379, 8625, 3201, 8380, 8811, 5124, 8617, 9742, 8019, 7992, 1860, 4524, 9429, 9568, 6081, 8586, 1500, 5391, 7507, 309, 2685, 9199, 7509, 8629, 9040, 6309, 921, 8634, 1974, 2196, 9949, 930, 6420, 3882, 8160, 6282, 7710, 4527, 7894, 3423, 1881, 8184, 8844, 7750, 4164, 7765, 7018, 936, 7641, 9115, 9799, 5157, 8479, 7876, 8697, 7284, 7554, 3420, 7065, 2085, 7887, 6414, 5601, 4803, 9090, 7446, 3951, 6681, 7476, 8770, 8001, 2862, 4755, 6423, 2538, 150, 1179, 3183, 9901, 69, 303, 5970, 9589, 5100, 2733, 8056, 3942, 4929, 3084, 8340, 9307, 7690, 8734, 3447, 7135, 1056, 9459, 1395, 201, 2907, 438, 9492, 9330, 5304, 3201, 1251, 2061, 7677, 684, 9298, 2835, 9340, 4098, 4851, 4194, 9025, 9618, 9556, 7017, 9999, 9520, 522, 9861, 6213, 2451, 7398, 6432, 8284, 1857, 7872, 8556, 4587, 5250, 3204, 1764, 1743, 7830, 822, 8782, 6954, 9273, 5730, 1911, 9094, 6807, 5670, 333, 9699, 9945, 9028, 6102, 8557, 6345, 7534, 7786, 3162, 5268, 6504, 5799, 2835, 9055, 8260, 7210, 423, 9705, 9957, 7050, 8307, 5094, 3072, 4380, 8172, 15, 9426, 7528, 8044, 8355, 3498, 9117, 7347, 8854, 8083, 8559, 3114, 4890, 1869, 4191, 1071, 7332, 7324, 4554, 3741, 7681, 5760, 7893, 6189, 1335, 753, 8946, 6771, 8662, 1329, 8224, 8365, 5580, 561, 459, 8140, 3081, 7696, 3717, 8590, 7093, 6336, 1701, 5025, 4623, 1713, 6822, 6498, 7333, 6681, 8968, 3201, 9804, 6609, 8172, 4122, 2475, 7023, 7170, 8703, 9715, 9825, 2721, 9450, 4569, 8802, 6969, 948, 4875, 9, 4572, 7546, 9495, 3474, 9153, 6144, 6423, 8694, 6627, 252, 7093, 9690, 9210, 2190, 7564, 7731, 1749, 5730, 8419, 5913, 2565, 8202, 3282, 585, 3087, 3900, 7251, 1257, 3498, 7956, 6249, 7083, 7660, 4317, 5385, 3525, 2574, 8656, 8382, 3906, 4608, 8916, 9420, 8637, 7411, 4566, 7447, 9313, 6732, 6894, 4461, 4401, 3288, 9495, 3111, 6969, 3441, 4224, 243, 6363, 2169, 6825, 8523, 5697, 9547, 2955, 3813, 7840, 9397, 6411, 9787, 5958, 8547, 2073, 5622, 7618, 8445, 1872, 4044, 9721, 8340, 2430, 2376, 7422, 2409, 9894, 9000, 3012, 8454, 7099, 7408, 9967, 7059, 768, 6726, 2265, 2877, 546, 2706, 1710, 3714, 1533, 3807, 9486, 3690, 747, 5373, 4338, 9735, 8373, 432, 8028, 4167, 2313, 195, 9685, 3771, 7143, 9802, 7915, 4524, 5310, 3090, 7054, 5031, 3516, 7828, 8254, 9436, 9994, 3342, 7830, 3687, 8670, 2322, 9321, 8007, 7104, 5118, 249, 8442, 3210, 4554, 9268, 564, 2913, 9124, 1383, 5754, 8229, 9897, 7761, 6531, 1236, 6519, 7143, 7407, 564, 7965, 8407, 3285, 471, 2826, 8431, 9081, 3246, 3654, 8377, 9970, 6351, 4917, 7384, 5949, 5127, 1716, 8581, 1755, 6813, 8680, 8689, 978, 5796, 7876, 8106, 5391, 5322, 2961, 7558, 8227, 7053, 2583, 5943, 7279, 8937, 4614, 153, 7365, 3777, 369, 9169, 1191, 3204, 630, 8448, 5919, 1524, 7552, 276, 6462, 2121, 8650, 4593, 4551, 3042, 4125, 5214, 7681, 849, 5529, 4521, 7119, 669, 9778, 7908, 7336, 7365, 8824, 5562, 8632, 8241, 1032, 8289, 8106, 7477, 870, 2841, 9054, 6606, 7803, 6918, 7735, 1125, 9852, 2427, 5913, 4911, 8965, 9778, 9402, 4635, 8496, 3480, 447, 4920, 3171, 7972, 6375, 7576, 6819, 849, 1785, 9987, 9031, 4968, 3759, 1698, 1137, 9399, 9156, 4704, 1860, 2940, 2775, 8515, 876, 8970, 9232, 7434, 2742, 417, 8769, 111, 7560, 8194, 7222, 9856, 9240, 6429, 7990, 3960, 2415, 1038, 7924, 3168, 8698, 9727, 4290, 7608, 9960, 9507, 7084, 8893, 8209, 9931, 8730, 8238, 6717, 9313, 7617, 2373, 2880, 1236, 1860, 8214, 7348, 933, 1755, 8821, 2034, 9603, 8779, 9208, 7831, 3927, 9265, 9808, 9157, 9052, 6144, 4080, 6663, 5169, 2034, 7968, 8169, 2844, 9289, 4659, 2103, 7440, 1005, 7764, 5823, 4011, 978, 8463, 8875, 9216, 6414, 9861, 5028, 4044, 6318, 849, 483, 4734, 348, 7684, 8689, 1902, 8667, 7125, 3654, 2418, 2454, 4167, 606, 7372, 4065, 5946, 1827, 2109, 513, 8824, 9442, 9873, 528, 7221, 8329, 9970, 8506, 9819, 6663, 3744, 8452, 3132, 9408, 7486, 9033, 7801, 3978, 5742, 8346, 6966, 9360, 9730, 2091, 9439, 6627, 2700, 4299, 8226, 630, 2325, 7855, 9741, 7788, 8377, 3672, 3354]
================================================================================================
D:\kplib\11ProfitCeiling\n05000\R10000\s010.kp
e - s = 179.93724942207336
e - s <= 170.0: False
Capacity = 12429655
Total value = 12429168
Total weight: 12429655
Packed items: [0, 2, 3, 4, 5, 11, 12, 14, 18, 19, 24, 25, 30, 33, 34, 35, 46, 49, 50, 54, 58, 62, 64, 67, 69, 70, 74, 75, 77, 80, 81, 84, 86, 87, 94, 96, 99, 100, 101, 103, 108, 109, 110, 114, 115, 119, 122, 125, 126, 128, 129, 131, 132, 133, 136, 137, 138, 141, 142, 143, 144, 146, 147, 152, 153, 158, 161, 168, 169, 170, 172, 173, 174, 177, 179, 180, 183, 187, 188, 190, 191, 192, 193, 194, 195, 197, 198, 202, 206, 208, 209, 210, 211, 222, 224, 226, 227, 230, 231, 233, 235, 238, 239, 240, 241, 243, 245, 247, 248, 249, 251, 253, 254, 257, 258, 259, 262, 263, 265, 266, 268, 270, 272, 278, 283, 284, 286, 287, 288, 289, 291, 298, 306, 307, 308, 311, 312, 313, 315, 321, 324, 325, 327, 329, 331, 332, 333, 335, 344, 350, 351, 354, 358, 359, 360, 371, 372, 374, 380, 381, 384, 387, 388, 401, 405, 406, 407, 410, 412, 414, 417, 418, 419, 420, 421, 422, 424, 429, 431, 434, 436, 438, 439, 440, 442, 443, 444, 445, 447, 448, 449, 450, 453, 454, 455, 456, 457, 458, 459, 465, 466, 467, 468, 470, 487, 489, 492, 493, 495, 497, 499, 500, 505, 509, 510, 511, 513, 515, 516, 518, 519, 520, 522, 526, 530, 531, 532, 535, 537, 541, 546, 556, 560, 563, 564, 565, 568, 574, 576, 577, 578, 582, 583, 585, 587, 592, 594, 595, 597, 599, 601, 602, 604, 607, 608, 611, 612, 615, 617, 620, 622, 625, 628, 630, 633, 634, 639, 640, 643, 645, 648, 649, 650, 656, 658, 659, 660, 663, 666, 667, 668, 670, 673, 675, 676, 680, 686, 688, 691, 693, 694, 697, 699, 700, 702, 706, 707, 715, 716, 717, 718, 721, 722, 728, 731, 737, 740, 748, 752, 753, 756, 760, 761, 763, 764, 765, 769, 771, 772, 777, 778, 782, 784, 786, 791, 794, 795, 798, 799, 800, 803, 804, 810, 815, 816, 818, 821, 822, 823, 824, 825, 829, 830, 831, 832, 835, 837, 841, 844, 846, 851, 853, 854, 857, 859, 860, 861, 863, 864, 866, 869, 873, 874, 875, 876, 878, 881, 882, 883, 886, 888, 889, 892, 895, 896, 897, 898, 901, 902, 908, 910, 911, 913, 915, 917, 918, 919, 920, 921, 922, 924, 925, 928, 929, 931, 938, 941, 946, 952, 953, 957, 962, 963, 964, 965, 966, 969, 970, 971, 973, 975, 976, 979, 983, 984, 986, 987, 990, 991, 993, 994, 997, 998, 1000, 1009, 1010, 1012, 1014, 1017, 1020, 1023, 1029, 1030, 1031, 1032, 1034, 1035, 1037, 1038, 1040, 1041, 1042, 1045, 1047, 1049, 1051, 1052, 1053, 1054, 1062, 1064, 1065, 1067, 1068, 1069, 1070, 1071, 1076, 1079, 1080, 1081, 1082, 1086, 1088, 1089, 1091, 1092, 1094, 1102, 1103, 1108, 1110, 1113, 1115, 1116, 1117, 1123, 1124, 1129, 1131, 1132, 1133, 1134, 1136, 1137, 1138, 1142, 1145, 1147, 1150, 1152, 1153, 1155, 1164, 1167, 1168, 1169, 1172, 1179, 1181, 1182, 1183, 1185, 1186, 1190, 1193, 1198, 1204, 1205, 1206, 1207, 1214, 1218, 1219, 1227, 1234, 1235, 1236, 1239, 1240, 1242, 1243, 1246, 1247, 1251, 1252, 1256, 1258, 1259, 1260, 1262, 1263, 1265, 1269, 1272, 1273, 1274, 1279, 1281, 1282, 1283, 1284, 1285, 1287, 1288, 1290, 1293, 1295, 1296, 1300, 1303, 1304, 1306, 1307, 1309, 1311, 1313, 1315, 1316, 1321, 1323, 1324, 1325, 1327, 1329, 1330, 1331, 1337, 1338, 1339, 1344, 1345, 1346, 1348, 1349, 1351, 1352, 1354, 1357, 1359, 1360, 1362, 1364, 1365, 1366, 1368, 1371, 1373, 1379, 1381, 1382, 1384, 1386, 1387, 1394, 1400, 1401, 1404, 1407, 1409, 1410, 1411, 1412, 1414, 1416, 1418, 1421, 1422, 1423, 1424, 1427, 1428, 1430, 1432, 1433, 1437, 1438, 1440, 1442, 1444, 1445, 1446, 1447, 1448, 1454, 1456, 1458, 1460, 1464, 1465, 1466, 1468, 1472, 1474, 1477, 1479, 1487, 1490, 1491, 1492, 1496, 1497, 1498, 1499, 1502, 1503, 1504, 1507, 1510, 1511, 1512, 1515, 1519, 1520, 1523, 1525, 1526, 1530, 1533, 1535, 1536, 1537, 1539, 1540, 1544, 1551, 1552, 1553, 1554, 1556, 1560, 1564, 1565, 1567, 1576, 1581, 1584, 1585, 1586, 1588, 1589, 1590, 1592, 1594, 1596, 1603, 1605, 1611, 1613, 1615, 1618, 1619, 1621, 1624, 1627, 1628, 1630, 1633, 1636, 1637, 1638, 1639, 1641, 1643, 1650, 1651, 1658, 1663, 1664, 1667, 1668, 1669, 1670, 1671, 1672, 1675, 1677, 1678, 1679, 1681, 1682, 1684, 1685, 1686, 1691, 1692, 1693, 1694, 1695, 1697, 1700, 1702, 1706, 1708, 1709, 1711, 1712, 1714, 1718, 1720, 1724, 1725, 1727, 1732, 1733, 1734, 1735, 1740, 1745, 1749, 1751, 1752, 1755, 1757, 1760, 1762, 1765, 1770, 1771, 1775, 1777, 1779, 1780, 1785, 1791, 1793, 1794, 1795, 1796, 1799, 1802, 1803, 1805, 1807, 1809, 1810, 1811, 1814, 1815, 1817, 1819, 1821, 1823, 1824, 1825, 1826, 1827, 1828, 1832, 1834, 1835, 1838, 1844, 1845, 1847, 1849, 1850, 1852, 1853, 1858, 1861, 1862, 1866, 1873, 1875, 1886, 1893, 1894, 1895, 1897, 1899, 1900, 1904, 1905, 1907, 1909, 1910, 1914, 1916, 1923, 1925, 1929, 1930, 1933, 1934, 1936, 1938, 1941, 1949, 1950, 1952, 1955, 1956, 1962, 1964, 1965, 1967, 1968, 1970, 1973, 1974, 1975, 1976, 1978, 1979, 1980, 1984, 1986, 1987, 1988, 1992, 1994, 1995, 1997, 2000, 2003, 2005, 2006, 2007, 2008, 2009, 2010, 2015, 2016, 2017, 2021, 2023, 2024, 2026, 2027, 2032, 2033, 2035, 2036, 2037, 2040, 2041, 2044, 2046, 2047, 2048, 2049, 2054, 2055, 2058, 2061, 2062, 2063, 2064, 2065, 2067, 2068, 2076, 2079, 2080, 2083, 2086, 2087, 2088, 2089, 2090, 2091, 2092, 2095, 2097, 2098, 2099, 2100, 2104, 2105, 2107, 2109, 2112, 2115, 2117, 2118, 2120, 2121, 2123, 2125, 2126, 2127, 2130, 2133, 2134, 2135, 2136, 2137, 2138, 2139, 2145, 2146, 2147, 2148, 2150, 2155, 2156, 2157, 2158, 2159, 2164, 2165, 2168, 2170, 2176, 2179, 2180, 2181, 2190, 2193, 2194, 2195, 2196, 2197, 2200, 2202, 2204, 2205, 2206, 2210, 2212, 2218, 2223, 2224, 2225, 2231, 2232, 2233, 2234, 2236, 2237, 2240, 2241, 2242, 2245, 2247, 2248, 2251, 2252, 2255, 2256, 2258, 2263, 2265, 2267, 2268, 2276, 2285, 2288, 2291, 2293, 2297, 2299, 2300, 2302, 2306, 2307, 2312, 2314, 2317, 2318, 2326, 2329, 2330, 2332, 2334, 2335, 2336, 2337, 2340, 2343, 2352, 2354, 2359, 2360, 2365, 2366, 2368, 2369, 2370, 2374, 2380, 2381, 2384, 2392, 2393, 2396, 2399, 2401, 2402, 2404, 2405, 2408, 2409, 2410, 2411, 2412, 2423, 2424, 2426, 2427, 2429, 2430, 2436, 2441, 2443, 2446, 2447, 2448, 2451, 2459, 2460, 2463, 2464, 2466, 2467, 2470, 2476, 2480, 2482, 2483, 2486, 2488, 2491, 2492, 2493, 2498, 2501, 2503, 2505, 2510, 2513, 2516, 2520, 2522, 2527, 2528, 2530, 2533, 2534, 2536, 2539, 2540, 2541, 2544, 2545, 2547, 2552, 2553, 2554, 2556, 2564, 2565, 2569, 2573, 2578, 2579, 2580, 2584, 2585, 2588, 2590, 2591, 2592, 2596, 2598, 2601, 2602, 2603, 2605, 2610, 2612, 2615, 2616, 2619, 2620, 2621, 2626, 2629, 2633, 2634, 2639, 2644, 2648, 2652, 2655, 2656, 2658, 2661, 2667, 2669, 2675, 2677, 2684, 2686, 2692, 2693, 2694, 2697, 2700, 2701, 2703, 2707, 2709, 2716, 2718, 2722, 2726, 2728, 2731, 2733, 2737, 2738, 2739, 2742, 2752, 2756, 2757, 2759, 2761, 2764, 2765, 2767, 2768, 2769, 2774, 2776, 2777, 2778, 2780, 2781, 2782, 2788, 2789, 2792, 2794, 2796, 2798, 2799, 2800, 2801, 2805, 2807, 2813, 2814, 2815, 2816, 2818, 2819, 2822, 2823, 2825, 2827, 2830, 2831, 2832, 2839, 2840, 2846, 2847, 2849, 2850, 2851, 2854, 2856, 2857, 2858, 2859, 2865, 2867, 2868, 2870, 2878, 2880, 2881, 2883, 2885, 2886, 2887, 2889, 2891, 2893, 2894, 2895, 2898, 2899, 2902, 2905, 2906, 2907, 2908, 2910, 2915, 2919, 2920, 2925, 2927, 2928, 2931, 2933, 2935, 2937, 2940, 2941, 2946, 2947, 2950, 2951, 2952, 2953, 2956, 2957, 2960, 2961, 2962, 2963, 2964, 2966, 2968, 2969, 2975, 2978, 2979, 2980, 2983, 2985, 2986, 2988, 2990, 2992, 2993, 2999, 3000, 3002, 3006, 3012, 3015, 3016, 3017, 3019, 3020, 3022, 3023, 3025, 3026, 3031, 3032, 3034, 3036, 3039, 3041, 3044, 3045, 3049, 3050, 3051, 3052, 3058, 3059, 3062, 3063, 3065, 3066, 3067, 3068, 3069, 3070, 3075, 3076, 3078, 3079, 3081, 3083, 3084, 3086, 3087, 3090, 3092, 3097, 3099, 3103, 3105, 3112, 3113, 3116, 3117, 3123, 3124, 3126, 3130, 3135, 3136, 3141, 3142, 3144, 3145, 3148, 3149, 3151, 3152, 3153, 3158, 3159, 3162, 3163, 3165, 3168, 3171, 3172, 3176, 3177, 3178, 3180, 3182, 3183, 3184, 3185, 3186, 3188, 3189, 3193, 3194, 3195, 3198, 3199, 3200, 3205, 3208, 3209, 3210, 3211, 3213, 3221, 3225, 3227, 3230, 3231, 3235, 3241, 3243, 3245, 3246, 3248, 3249, 3250, 3251, 3253, 3256, 3258, 3260, 3263, 3276, 3277, 3278, 3279, 3282, 3287, 3289, 3290, 3296, 3297, 3303, 3304, 3306, 3307, 3308, 3309, 3310, 3311, 3312, 3313, 3316, 3318, 3319, 3321, 3325, 3327, 3330, 3332, 3339, 3343, 3345, 3347, 3356, 3357, 3358, 3359, 3362, 3368, 3370, 3373, 3376, 3377, 3379, 3383, 3384, 3387, 3388, 3390, 3391, 3392, 3395, 3405, 3406, 3407, 3408, 3409, 3410, 3414, 3415, 3416, 3417, 3421, 3422, 3424, 3427, 3428, 3430, 3431, 3432, 3436, 3437, 3438, 3439, 3442, 3443, 3447, 3448, 3450, 3455, 3456, 3457, 3458, 3459, 3461, 3464, 3465, 3469, 3472, 3475, 3479, 3480, 3481, 3484, 3485, 3489, 3491, 3492, 3496, 3498, 3499, 3500, 3502, 3507, 3511, 3512, 3514, 3518, 3519, 3522, 3526, 3528, 3536, 3544, 3545, 3552, 3557, 3558, 3560, 3561, 3563, 3564, 3567, 3571, 3573, 3576, 3577, 3578, 3579, 3586, 3588, 3589, 3594, 3597, 3601, 3602, 3603, 3604, 3605, 3609, 3610, 3613, 3616, 3617, 3619, 3620, 3622, 3625, 3626, 3629, 3631, 3633, 3635, 3637, 3638, 3639, 3643, 3644, 3646, 3648, 3650, 3652, 3654, 3658, 3660, 3666, 3667, 3668, 3673, 3676, 3677, 3678, 3680, 3681, 3682, 3683, 3686, 3688, 3689, 3693, 3695, 3698, 3700, 3702, 3704, 3707, 3709, 3710, 3712, 3714, 3715, 3716, 3720, 3722, 3723, 3727, 3730, 3732, 3737, 3741, 3743, 3747, 3750, 3754, 3755, 3760, 3762, 3764, 3769, 3773, 3775, 3779, 3782, 3784, 3786, 3788, 3790, 3794, 3795, 3797, 3798, 3800, 3803, 3805, 3807, 3808, 3809, 3810, 3811, 3816, 3818, 3819, 3820, 3821, 3823, 3827, 3828, 3829, 3830, 3834, 3835, 3836, 3838, 3842, 3843, 3845, 3848, 3851, 3853, 3857, 3860, 3861, 3867, 3869, 3872, 3873, 3876, 3877, 3879, 3883, 3884, 3886, 3890, 3895, 3896, 3897, 3898, 3899, 3901, 3904, 3907, 3912, 3913, 3914, 3915, 3923, 3927, 3928, 3930, 3931, 3932, 3933, 3935, 3944, 3945, 3946, 3947, 3948, 3950, 3957, 3958, 3961, 3962, 3963, 3964, 3965, 3966, 3967, 3970, 3971, 3972, 3973, 3974, 3975, 3977, 3978, 3980, 3981, 3985, 3988, 3989, 3992, 3998, 4002, 4003, 4007, 4009, 4013, 4015, 4019, 4020, 4022, 4025, 4026, 4028, 4030, 4031, 4037, 4038, 4044, 4045, 4048, 4049, 4050, 4052, 4053, 4058, 4059, 4063, 4065, 4069, 4070, 4072, 4073, 4074, 4076, 4079, 4081, 4082, 4084, 4091, 4093, 4094, 4095, 4097, 4098, 4100, 4101, 4102, 4104, 4106, 4107, 4108, 4110, 4112, 4117, 4132, 4133, 4136, 4137, 4138, 4139, 4140, 4146, 4147, 4148, 4150, 4152, 4153, 4155, 4156, 4159, 4163, 4164, 4166, 4167, 4169, 4176, 4180, 4182, 4183, 4184, 4187, 4193, 4194, 4202, 4203, 4205, 4207, 4210, 4212, 4213, 4215, 4219, 4226, 4227, 4228, 4229, 4230, 4231, 4232, 4233, 4239, 4242, 4245, 4251, 4252, 4255, 4259, 4260, 4262, 4263, 4265, 4267, 4269, 4270, 4272, 4273, 4274, 4277, 4281, 4286, 4289, 4292, 4293, 4295, 4297, 4299, 4300, 4302, 4303, 4305, 4309, 4310, 4311, 4312, 4315, 4319, 4320, 4322, 4325, 4326, 4327, 4328, 4329, 4336, 4337, 4339, 4343, 4349, 4350, 4351, 4356, 4361, 4363, 4364, 4365, 4371, 4372, 4373, 4374, 4375, 4376, 4377, 4380, 4381, 4384, 4385, 4390, 4395, 4397, 4403, 4405, 4406, 4414, 4418, 4420, 4424, 4430, 4432, 4435, 4438, 4439, 4440, 4442, 4444, 4445, 4446, 4447, 4448, 4451, 4452, 4454, 4455, 4459, 4460, 4461, 4462, 4465, 4466, 4467, 4473, 4475, 4476, 4480, 4481, 4491, 4493, 4495, 4501, 4502, 4504, 4505, 4506, 4507, 4513, 4515, 4516, 4518, 4520, 4521, 4522, 4525, 4527, 4528, 4529, 4530, 4531, 4533, 4535, 4536, 4538, 4540, 4544, 4546, 4548, 4549, 4550, 4551, 4555, 4556, 4558, 4568, 4570, 4574, 4575, 4580, 4582, 4584, 4586, 4589, 4592, 4593, 4594, 4595, 4596, 4597, 4598, 4599, 4604, 4608, 4611, 4616, 4618, 4619, 4620, 4621, 4622, 4623, 4628, 4631, 4634, 4641, 4648, 4649, 4651, 4652, 4653, 4655, 4656, 4657, 4658, 4660, 4663, 4668, 4670, 4673, 4675, 4676, 4677, 4679, 4683, 4684, 4685, 4688, 4689, 4693, 4696, 4701, 4702, 4708, 4710, 4711, 4712, 4714, 4715, 4716, 4719, 4720, 4721, 4722, 4729, 4732, 4733, 4734, 4735, 4738, 4743, 4744, 4746, 4749, 4752, 4753, 4756, 4758, 4759, 4761, 4762, 4765, 4766, 4767, 4768, 4769, 4773, 4774, 4777, 4780, 4784, 4786, 4787, 4790, 4794, 4796, 4798, 4800, 4803, 4805, 4807, 4808, 4817, 4818, 4820, 4822, 4823, 4824, 4826, 4828, 4829, 4834, 4835, 4840, 4841, 4845, 4846, 4847, 4848, 4850, 4851, 4852, 4853, 4856, 4858, 4859, 4862, 4863, 4864, 4868, 4870, 4871, 4873, 4875, 4876, 4881, 4882, 4887, 4888, 4889, 4890, 4893, 4896, 4897, 4899, 4901, 4902, 4903, 4906, 4907, 4909, 4910, 4911, 4913, 4914, 4915, 4917, 4919, 4920, 4921, 4922, 4923, 4926, 4929, 4931, 4937, 4942, 4943, 4950, 4951, 4952, 4953, 4956, 4957, 4958, 4959, 4960, 4962, 4963, 4967, 4968, 4969, 4972, 4975, 4978, 4981, 4982, 4993, 4998, 4999]
Packed_weights: [5715, 5781, 2061, 8134, 8236, 9529, 9966, 8602, 6750, 4569, 9825, 9694, 9411, 8982, 3144, 5490, 6579, 1497, 5673, 7756, 9477, 2748, 1785, 1650, 8211, 7776, 51, 7126, 3195, 5829, 3906, 2415, 9106, 5202, 5850, 4899, 9687, 4152, 354, 5355, 9927, 4851, 4587, 7263, 8980, 9096, 6192, 5886, 8295, 8076, 9624, 8589, 7183, 8887, 7669, 9624, 9814, 1413, 5952, 9196, 1920, 798, 1947, 4638, 7438, 5556, 6273, 702, 4236, 891, 2547, 4569, 7594, 6951, 5076, 2637, 7266, 4800, 6897, 8011, 4053, 7936, 9648, 9924, 7207, 8473, 8365, 7405, 1686, 7906, 9358, 2199, 7450, 5229, 7641, 3267, 477, 5652, 8598, 6012, 1578, 9999, 312, 9210, 5112, 3975, 3477, 8656, 7065, 6099, 9861, 8242, 8224, 4584, 1944, 4329, 1875, 6339, 9747, 7936, 3762, 519, 9499, 9474, 1950, 1629, 7524, 4683, 7774, 8787, 8797, 9598, 3456, 9073, 6198, 123, 1581, 6771, 969, 3555, 8623, 5313, 8113, 8373, 9187, 7270, 3585, 9868, 4188, 7708, 9792, 147, 9016, 5517, 528, 1761, 4608, 786, 8067, 8098, 7537, 7131, 6339, 8511, 6093, 4515, 8994, 3387, 1548, 3894, 2118, 5199, 6537, 5628, 9531, 5565, 6417, 6738, 5220, 7870, 7215, 9915, 9307, 4353, 8343, 9169, 7231, 906, 3663, 4560, 3114, 7495, 6981, 1926, 9514, 2415, 1563, 3822, 8631, 9874, 5352, 7494, 8538, 1302, 5016, 8769, 4593, 8743, 8388, 927, 8772, 735, 5508, 9444, 7531, 8509, 3939, 9976, 6330, 6957, 2988, 6570, 2268, 7495, 5445, 6309, 8155, 3738, 7794, 324, 285, 2589, 6645, 9694, 4734, 7662, 7788, 7228, 7266, 4710, 699, 1992, 9856, 7245, 7333, 7908, 9451, 8500, 8763, 9184, 9777, 7440, 9942, 6474, 1698, 1908, 4233, 2313, 8347, 7549, 8022, 7294, 1893, 6384, 9183, 7896, 8608, 8862, 1755, 2427, 4218, 5169, 927, 7567, 8178, 3507, 8901, 8140, 7543, 4503, 1185, 6138, 4080, 663, 783, 8668, 537, 8746, 7429, 3606, 5922, 699, 9951, 2928, 9811, 4641, 4050, 3612, 8820, 1593, 9010, 501, 7618, 9195, 9772, 7395, 6807, 6000, 8284, 5367, 8922, 8265, 7953, 3213, 2739, 3402, 1776, 1755, 8797, 1932, 8994, 96, 1881, 7774, 9231, 6252, 8005, 5772, 477, 9550, 8560, 4797, 8632, 1920, 5109, 3807, 5745, 5832, 8679, 8344, 81, 7423, 4893, 7303, 8413, 2133, 5730, 1548, 9174, 8128, 7074, 8847, 4767, 3528, 1113, 8490, 5568, 6510, 7990, 441, 501, 459, 8499, 3333, 5148, 6108, 3882, 5562, 6, 8331, 8314, 6696, 8820, 1581, 9129, 939, 3609, 9115, 7399, 5739, 303, 2274, 6081, 8832, 6585, 5448, 8214, 3909, 9190, 8475, 9159, 6630, 3519, 3468, 5004, 6735, 4371, 1584, 8452, 6621, 2349, 9960, 5424, 8496, 1968, 7963, 7641, 7642, 3780, 750, 2991, 2337, 6597, 4344, 4350, 7531, 8958, 8104, 2859, 5694, 6354, 4920, 7098, 1599, 4197, 6558, 7660, 1311, 8955, 6147, 6081, 9409, 2718, 3207, 2502, 3447, 8488, 5451, 7614, 2508, 4236, 3939, 3240, 8337, 3930, 6951, 4848, 1695, 9028, 1053, 7719, 5376, 6105, 7759, 7128, 7854, 5166, 7710, 579, 6495, 6753, 1344, 9943, 6999, 8725, 4791, 4413, 9612, 7101, 9130, 9565, 4461, 2997, 6, 30, 5262, 8628, 3441, 9250, 8325, 7669, 3984, 642, 7251, 7914, 6789, 9034, 3033, 8415, 2622, 9025, 3510, 9306, 8535, 8446, 7725, 7273, 8370, 3870, 9682, 1401, 7183, 9808, 8610, 4266, 9256, 7924, 4365, 2607, 1326, 2970, 7119, 8208, 8026, 3219, 8268, 6609, 7294, 6000, 3066, 7723, 846, 2643, 8107, 3594, 4416, 2304, 9960, 8148, 8448, 7857, 5640, 2061, 129, 2811, 3768, 7347, 7465, 1893, 8620, 8137, 7249, 6480, 1824, 762, 405, 5787, 8379, 552, 8644, 8944, 3333, 7542, 5343, 9916, 4257, 2349, 2784, 5547, 132, 7948, 9262, 9591, 4527, 9294, 7443, 8314, 759, 7587, 5469, 9027, 6024, 3558, 9643, 8713, 5904, 3345, 8284, 9486, 657, 1392, 9292, 8415, 777, 3273, 8904, 5181, 4890, 6750, 3963, 8266, 4521, 7684, 9169, 9744, 9160, 1452, 9259, 9891, 5274, 4581, 7384, 2469, 7719, 4695, 8598, 8437, 3093, 8275, 555, 8440, 4431, 7638, 3453, 5385, 3192, 5079, 5619, 8301, 7074, 7464, 9558, 7867, 5196, 5766, 7234, 8802, 9364, 9786, 8917, 8145, 930, 9714, 3321, 8170, 4173, 7765, 7237, 1077, 8653, 9859, 8962, 3654, 3222, 8212, 9136, 9903, 5715, 8040, 6921, 123, 2403, 3834, 9537, 4575, 5424, 5634, 1047, 2916, 7774, 4815, 7644, 4272, 9568, 1224, 4425, 3090, 4020, 8148, 2328, 2664, 3309, 2763, 3219, 3099, 264, 5214, 3753, 7566, 9766, 3612, 9415, 3828, 4998, 7212, 8935, 9187, 5736, 9555, 8074, 3345, 5763, 7530, 5535, 7462, 798, 1725, 7315, 8260, 7161, 7173, 8274, 7860, 9952, 9394, 9274, 6921, 5232, 8839, 7272, 8938, 9604, 1389, 3723, 2304, 6978, 7569, 6354, 9307, 7192, 5712, 2748, 3846, 8082, 7864, 7365, 8710, 7833, 5844, 759, 1689, 6738, 3978, 7687, 9985, 744, 1188, 8275, 5943, 198, 5799, 2919, 9879, 3651, 8824, 2622, 9012, 5901, 7692, 3591, 9405, 5166, 7845, 4161, 7878, 9624, 9402, 5496, 8179, 6360, 6129, 7173, 6, 9985, 486, 8409, 7618, 5235, 9598, 5043, 9823, 4617, 918, 369, 7830, 3657, 8889, 1950, 780, 9445, 1539, 7597, 9465, 6534, 4662, 252, 7563, 5355, 6060, 7627, 1977, 8623, 2157, 8085, 1683, 4017, 8283, 4674, 9159, 1029, 9322, 9103, 9405, 510, 1392, 9174, 2253, 3798, 2919, 1182, 2340, 795, 96, 8322, 7860, 7219, 102, 5412, 669, 9939, 2082, 9717, 5718, 3825, 4446, 8508, 1257, 8073, 7020, 2139, 504, 9558, 3423, 7813, 114, 8428, 9879, 1707, 6366, 8692, 9847, 2001, 8784, 4563, 4404, 1773, 9546, 1635, 2835, 9703, 8179, 1563, 4416, 4077, 4500, 5733, 4884, 6609, 9363, 7354, 2913, 6066, 8785, 7429, 6933, 393, 738, 3042, 8278, 5577, 7615, 4467, 9088, 9520, 7494, 3420, 1773, 9873, 7986, 8391, 9831, 9366, 9262, 4287, 6708, 8980, 7635, 699, 7797, 9081, 7311, 9294, 8157, 7128, 3255, 2229, 3399, 7713, 6339, 2748, 9952, 2742, 3669, 7788, 5358, 3579, 2349, 3006, 8080, 2631, 9637, 4047, 9586, 9238, 3789, 1533, 6441, 6987, 7617, 7173, 9198, 5793, 2211, 8826, 9409, 1947, 8686, 501, 7639, 8281, 8769, 6531, 8221, 9978, 5970, 5160, 4839, 6831, 2307, 7558, 825, 7020, 4788, 4692, 8937, 4989, 8971, 2223, 8392, 7405, 5424, 7851, 3333, 8001, 9139, 3954, 9346, 2379, 9933, 2706, 783, 7408, 1674, 9358, 444, 2079, 2067, 5727, 9019, 5121, 7789, 2667, 2649, 9154, 7296, 792, 1482, 8268, 3528, 9975, 3018, 8641, 7636, 2052, 7503, 2349, 6303, 1071, 4260, 2412, 3468, 8674, 405, 9441, 8967, 3141, 7189, 4875, 5982, 9588, 7770, 6441, 9192, 9399, 8494, 6684, 6681, 8059, 8935, 7932, 4761, 9918, 9007, 9600, 4200, 8475, 294, 4890, 1509, 4434, 8497, 9079, 2586, 5544, 8505, 7500, 1635, 7641, 2979, 2808, 9286, 7234, 5100, 9217, 396, 8317, 7519, 4368, 867, 2553, 7599, 5490, 9957, 1380, 4134, 2103, 7477, 4944, 4860, 2232, 5946, 1680, 3471, 8358, 8389, 8014, 4341, 9436, 6417, 8673, 9753, 5529, 4683, 5100, 2565, 5961, 573, 636, 7446, 6561, 3378, 8718, 5940, 786, 6018, 4377, 6078, 6999, 9798, 7207, 1521, 4191, 8217, 6894, 6636, 837, 933, 8749, 7798, 6240, 1665, 210, 411, 3291, 1188, 9225, 7581, 6258, 8161, 567, 3294, 8217, 4185, 2949, 5136, 9738, 504, 7386, 7543, 8169, 7230, 9460, 1287, 8637, 7479, 4623, 8865, 1755, 5916, 639, 7141, 876, 8934, 7801, 1779, 5112, 6354, 9391, 5670, 5058, 5214, 3090, 8316, 3336, 8544, 8901, 7801, 9168, 9757, 1512, 8505, 882, 8938, 1086, 1665, 9697, 7186, 8431, 7821, 7465, 9724, 8562, 2784, 6153, 9831, 6501, 7668, 117, 7438, 9636, 8511, 2421, 9550, 7417, 9678, 7237, 2097, 9375, 1602, 1038, 4668, 7710, 1911, 7587, 8629, 4623, 6336, 4173, 7716, 8440, 7086, 6384, 7738, 8869, 7311, 4104, 9538, 4578, 9583, 8293, 6897, 6807, 7155, 1407, 7728, 8971, 9162, 6027, 3174, 3672, 6381, 7230, 5175, 4752, 2937, 9853, 7732, 1212, 3414, 8488, 7866, 7207, 8796, 6015, 2487, 8640, 8625, 7696, 4176, 7035, 858, 7122, 7185, 7155, 2853, 327, 7605, 7714, 5787, 4614, 7518, 5994, 2613, 8452, 5694, 8379, 9163, 8115, 9703, 3126, 3381, 3759, 7341, 8661, 7204, 8481, 4782, 9198, 6999, 8914, 333, 8853, 8269, 651, 4506, 3888, 5940, 8971, 9643, 5484, 93, 7591, 9150, 7407, 9171, 3681, 3462, 5439, 9268, 1221, 963, 7959, 5598, 1446, 1380, 5274, 9640, 2298, 7767, 8011, 372, 8784, 8176, 4500, 7783, 7194, 8997, 5940, 5193, 6486, 9871, 9474, 9162, 7795, 861, 7173, 7401, 8932, 3798, 8452, 219, 5073, 4479, 3861, 2424, 1983, 9358, 3297, 7198, 7327, 3414, 9811, 9339, 8551, 6765, 1284, 4830, 5968, 3273, 7467, 7212, 1971, 8437, 9591, 1764, 2973, 1020, 4353, 6264, 5952, 1722, 9391, 2454, 8101, 7815, 7383, 2211, 9837, 3453, 9322, 468, 4614, 7281, 5466, 8845, 8614, 8875, 4143, 1281, 9858, 5688, 1083, 8845, 1446, 8803, 1125, 6708, 4845, 9631, 8478, 7839, 9334, 9511, 6375, 4701, 5004, 525, 7891, 6621, 6042, 9181, 9247, 2595, 2166, 8493, 8292, 7849, 6837, 3618, 9210, 6222, 7716, 4698, 7431, 8157, 2169, 6636, 7138, 6684, 2559, 6153, 4392, 6147, 9880, 8226, 7143, 7753, 4854, 9694, 2970, 5037, 7026, 1212, 9528, 9208, 1533, 2901, 1965, 6990, 6723, 6696, 9813, 4005, 8980, 2076, 3504, 7653, 9352, 7609, 4788, 7596, 7284, 1854, 5055, 1740, 8434, 3717, 8967, 2661, 7309, 9987, 5724, 3513, 2250, 6834, 9139, 3522, 9370, 7636, 5004, 2541, 621, 6441, 5844, 855, 7774, 8590, 8056, 2121, 1467, 2010, 7807, 8100, 48, 8850, 9643, 27, 8803, 2127, 9955, 9351, 390, 5508, 3132, 2937, 1722, 7971, 1479, 1236, 7131, 6894, 7456, 8677, 9031, 8209, 7290, 2154, 3585, 606, 2499, 6549, 1356, 7666, 1227, 7650, 9217, 6312, 8844, 4947, 9160, 6309, 5775, 7101, 8431, 8953, 4380, 1188, 7974, 537, 9043, 9025, 4038, 162, 7399, 768, 6468, 8037, 5481, 7423, 3900, 8238, 9409, 513, 9199, 8845, 9604, 7323, 5715, 9850, 1104, 4773, 2247, 7110, 4515, 9756, 7401, 7186, 7137, 9522, 4524, 6918, 5865, 9717, 2709, 8137, 8227, 4953, 9180, 3423, 1515, 3621, 978, 9687, 4305, 9441, 3930, 2943, 6531, 2862, 9123, 9057, 2922, 5439, 8106, 7212, 6309, 7860, 4488, 5118, 2895, 3624, 7899, 3291, 2130, 5166, 3486, 4644, 3342, 7089, 1119, 618, 9003, 2487, 2964, 3162, 273, 546, 7302, 9129, 6288, 6117, 6504, 9993, 5727, 2196, 402, 4698, 6093, 9099, 1503, 8466, 456, 810, 5064, 8545, 7834, 9324, 8298, 7803, 1614, 4059, 9238, 2487, 3858, 5424, 1971, 3981, 7354, 5220, 6894, 2058, 1854, 462, 1233, 9301, 5751, 5352, 513, 8902, 4959, 6813, 9193, 2628, 4881, 1215, 9052, 7891, 9492, 1140, 6723, 5202, 6192, 6492, 2403, 7596, 8356, 9534, 6438, 5751, 4749, 3663, 7291, 4620, 4683, 3849, 5640, 7755, 7423, 744, 6018, 1203, 7794, 8376, 7479, 7639, 1389, 7558, 8001, 9043, 7138, 9831, 5211, 6534, 576, 7047, 297, 4671, 8328, 6885, 7182, 4476, 8419, 4947, 7224, 507, 2592, 7641, 3630, 351, 6108, 3768, 9498, 9790, 9120, 1746, 8323, 4548, 9265, 3807, 8632, 9345, 5073, 5382, 7161, 2238, 6660, 9057, 9327, 912, 5877, 5454, 5598, 3849, 2370, 4323, 1410, 3762, 8745, 7918, 9648, 7204, 474, 7443, 1950, 9190, 2895, 9687, 8578, 402, 3012, 8503, 249, 7020, 8673, 8922, 63, 1092, 6402, 5706, 5163, 7972, 30, 9676, 2733, 7935, 2811, 8539, 3519, 636, 9831, 795, 5331, 6570, 9588, 9676, 7612, 7008, 9870, 9516, 8532, 7165, 3654, 5049, 8829, 5493, 9027, 7444, 7917, 9643, 342, 1125, 7164, 4977, 3030, 1620, 798, 5601, 3933, 1647, 1575, 8668, 7389, 5148, 9423, 7800, 9858, 6228, 9315, 2373, 4374, 7218, 2259, 4440, 5685, 7348, 8647, 7263, 7389, 1302, 6222, 1344, 7602, 2577, 7227, 5724, 8287, 1521, 1233, 5574, 318, 9907, 3651, 2739, 7747, 8272, 8664, 5100, 2937, 2523, 5025, 6297, 7095, 9049, 2148, 2274, 7908, 5550, 9145, 4632, 4962, 7891, 2373, 5223, 9463, 2136, 8836, 7468, 7758, 8044, 6849, 6303, 5184, 1179, 7167, 660, 5232, 4404, 7396, 690, 4485, 7986, 5724, 7225, 2964, 2733, 9813, 5019, 1899, 3660, 2559, 6378, 8389, 5466, 6888, 9954, 8256, 2478, 7135, 1161, 4671, 8059, 7360, 8262, 1587, 2016, 4155, 5226, 8884, 9868, 2967, 7360, 7669, 9109, 7135, 1266, 5238, 4065, 3891, 7629, 5853, 7165, 8286, 4260, 8626, 7420, 8433, 5223, 9283, 4608, 8929, 9079, 7260, 1503, 7525, 9489, 1251, 4224, 9210, 2556, 4608, 4746, 7047, 576, 5862, 8199, 5052, 7759, 9135, 7240, 1215, 186, 8788, 8448, 1494, 7908, 9180, 7206, 1437, 4950, 4113, 5787, 8577, 8962, 7092, 7113, 7908, 9832, 3525, 8326, 4281, 5784, 7437, 6600, 7351, 9804, 7660, 8191, 6021, 6078, 8397, 6279, 6861, 6708, 9073, 9516, 1326, 8115, 8289, 1989, 6564, 2910, 2232, 7213, 8016, 6882, 5463, 6057, 9739, 9718, 4851, 8095, 990, 8878, 7005, 6612, 8617, 2460, 9058, 4185, 5511, 5877, 2559, 3147, 9145, 4671, 8313, 9616, 3570, 6228, 147, 4971, 3891, 3477, 4200, 6612, 825, 9424, 3336, 5595, 8935, 1524, 9871, 3675, 7308, 5544, 2670, 9742, 8520, 5991, 3156, 4569, 5031, 8422, 3627, 8952, 9369, 9726, 9325, 7195, 9802, 5352, 5247, 2376, 9232, 2418, 9687, 2622, 7380, 7222, 6033, 3801, 300, 8254, 7404, 6636, 1947, 7345, 5868, 7870, 8379, 7341, 2928, 1656, 5250, 8040, 9267, 8376, 6213, 7032, 2859, 756, 3621, 2433, 8703, 7753, 4743, 7809, 8865, 9160, 1032, 6456, 7458, 6981, 3603, 9318, 7426, 5088, 1977, 9147, 711, 9544, 7336, 2274, 8508, 2370, 6480, 7803, 2085, 558, 4041, 9693, 4215, 9748, 7765, 5379, 516, 5919, 867, 5616, 1767, 3132, 10000, 7707, 102, 2658, 8023, 6579, 4386, 8166, 2316, 8928, 8773, 9345, 2502, 7026, 3081, 2994, 4206, 7482, 8286, 2664, 9696, 8209, 1986, 8113, 8986, 2823, 4161, 8941, 2994, 6390, 2691, 9999, 4230, 5610, 7761, 8898, 4527, 3756, 9913, 975, 7809, 9987, 2703, 3480, 8677, 5490, 8860, 3450, 7870, 7213, 7219, 7492, 5412, 9213, 8224, 8635]
================================================================================================
D:\kplib\11ProfitCeiling\n10000\R10000\s058.kp
e - s = 179.80707263946533
e - s <= 170.0: False
Capacity = 25008466
Total value = 25007493
Total weight: 25008465
Packed items: [0, 1, 2, 3, 5, 7, 8, 11, 12, 13, 16, 21, 22, 24, 26, 29, 34, 37, 39, 43, 47, 48, 52, 53, 59, 63, 67, 68, 70, 74, 77, 79, 80, 82, 85, 86, 87, 90, 93, 94, 97, 98, 101, 103, 104, 105, 107, 111, 112, 114, 123, 125, 126, 127, 131, 136, 139, 142, 143, 145, 148, 153, 157, 161, 163, 164, 168, 170, 171, 172, 177, 180, 182, 185, 187, 188, 192, 196, 197, 204, 206, 208, 210, 214, 216, 217, 221, 223, 225, 226, 228, 229, 230, 231, 232, 233, 234, 238, 240, 241, 242, 244, 247, 251, 252, 258, 259, 260, 262, 264, 265, 266, 269, 270, 273, 274, 277, 278, 279, 282, 288, 289, 291, 292, 295, 296, 299, 304, 305, 316, 324, 333, 334, 335, 336, 341, 342, 343, 345, 348, 351, 354, 356, 357, 360, 361, 362, 363, 366, 367, 369, 371, 373, 375, 377, 379, 380, 382, 383, 384, 391, 392, 393, 394, 397, 398, 399, 401, 402, 403, 408, 409, 413, 415, 416, 417, 424, 425, 428, 429, 435, 436, 437, 438, 440, 441, 443, 444, 447, 448, 449, 452, 453, 454, 457, 458, 460, 465, 466, 467, 468, 470, 472, 473, 475, 478, 479, 482, 483, 489, 491, 492, 495, 498, 502, 503, 504, 508, 519, 522, 525, 527, 528, 529, 533, 534, 535, 536, 537, 538, 540, 541, 543, 549, 552, 553, 554, 555, 558, 559, 561, 566, 568, 570, 572, 578, 580, 581, 582, 583, 584, 585, 587, 589, 590, 591, 594, 595, 600, 608, 609, 612, 613, 615, 617, 618, 619, 621, 623, 624, 630, 631, 633, 634, 635, 637, 640, 642, 644, 646, 650, 651, 654, 658, 660, 666, 667, 669, 671, 672, 676, 678, 681, 687, 690, 691, 694, 697, 698, 699, 700, 701, 702, 703, 704, 706, 708, 710, 711, 712, 715, 718, 720, 726, 727, 729, 731, 733, 736, 737, 739, 743, 745, 746, 748, 749, 754, 761, 762, 770, 771, 772, 776, 777, 783, 785, 789, 791, 793, 794, 795, 797, 800, 803, 806, 809, 810, 811, 815, 816, 817, 819, 820, 821, 825, 831, 832, 835, 837, 839, 840, 842, 844, 845, 855, 856, 857, 861, 862, 866, 869, 870, 871, 877, 879, 882, 885, 887, 888, 889, 891, 892, 894, 895, 897, 898, 899, 901, 903, 905, 910, 913, 914, 918, 920, 922, 925, 928, 932, 935, 938, 943, 946, 947, 949, 950, 952, 955, 956, 958, 961, 962, 963, 965, 972, 976, 977, 980, 981, 982, 986, 988, 990, 993, 995, 996, 997, 998, 999, 1000, 1004, 1008, 1009, 1011, 1013, 1015, 1016, 1017, 1018, 1020, 1023, 1026, 1028, 1029, 1034, 1035, 1039, 1045, 1047, 1048, 1052, 1055, 1058, 1060, 1062, 1063, 1069, 1071, 1072, 1076, 1077, 1078, 1080, 1083, 1084, 1085, 1086, 1087, 1092, 1093, 1095, 1096, 1098, 1104, 1105, 1106, 1107, 1108, 1109, 1112, 1113, 1114, 1115, 1117, 1125, 1131, 1134, 1142, 1148, 1154, 1156, 1159, 1160, 1163, 1164, 1165, 1170, 1171, 1173, 1175, 1176, 1182, 1190, 1192, 1197, 1200, 1201, 1203, 1204, 1206, 1209, 1213, 1214, 1220, 1224, 1225, 1227, 1229, 1230, 1232, 1234, 1238, 1243, 1245, 1248, 1249, 1250, 1251, 1255, 1257, 1258, 1261, 1267, 1268, 1271, 1274, 1275, 1279, 1280, 1281, 1282, 1283, 1284, 1285, 1288, 1292, 1296, 1297, 1299, 1300, 1303, 1305, 1309, 1311, 1312, 1315, 1318, 1319, 1321, 1322, 1323, 1326, 1328, 1331, 1334, 1335, 1337, 1343, 1344, 1347, 1348, 1350, 1351, 1355, 1356, 1357, 1358, 1362, 1364, 1365, 1367, 1372, 1373, 1374, 1377, 1380, 1383, 1384, 1388, 1389, 1390, 1392, 1394, 1400, 1402, 1404, 1405, 1406, 1411, 1412, 1413, 1415, 1422, 1424, 1425, 1426, 1428, 1429, 1430, 1431, 1432, 1437, 1439, 1440, 1441, 1443, 1446, 1447, 1449, 1453, 1454, 1456, 1460, 1461, 1462, 1463, 1465, 1466, 1468, 1470, 1473, 1474, 1478, 1479, 1480, 1481, 1485, 1492, 1498, 1499, 1501, 1502, 1503, 1504, 1505, 1506, 1508, 1510, 1511, 1518, 1521, 1524, 1528, 1529, 1530, 1531, 1532, 1533, 1538, 1540, 1543, 1544, 1545, 1548, 1549, 1551, 1553, 1554, 1555, 1558, 1559, 1561, 1563, 1564, 1566, 1568, 1570, 1573, 1574, 1575, 1578, 1582, 1587, 1588, 1592, 1595, 1596, 1598, 1599, 1602, 1603, 1607, 1608, 1612, 1613, 1620, 1622, 1623, 1627, 1629, 1634, 1637, 1638, 1639, 1642, 1643, 1644, 1645, 1647, 1648, 1651, 1653, 1655, 1657, 1658, 1659, 1660, 1664, 1666, 1667, 1671, 1673, 1676, 1677, 1680, 1682, 1683, 1684, 1685, 1686, 1687, 1692, 1694, 1695, 1696, 1697, 1699, 1702, 1703, 1705, 1706, 1707, 1708, 1712, 1715, 1716, 1717, 1720, 1725, 1726, 1728, 1730, 1731, 1732, 1733, 1735, 1737, 1742, 1743, 1744, 1745, 1746, 1747, 1750, 1753, 1755, 1759, 1761, 1762, 1763, 1766, 1767, 1768, 1769, 1770, 1776, 1778, 1781, 1785, 1787, 1788, 1790, 1792, 1795, 1799, 1800, 1804, 1805, 1808, 1811, 1812, 1814, 1816, 1817, 1818, 1820, 1823, 1826, 1830, 1832, 1834, 1835, 1836, 1837, 1839, 1841, 1844, 1845, 1847, 1850, 1851, 1852, 1853, 1855, 1860, 1862, 1863, 1865, 1866, 1871, 1872, 1874, 1877, 1881, 1883, 1884, 1885, 1886, 1888, 1889, 1890, 1891, 1893, 1894, 1895, 1896, 1897, 1898, 1899, 1901, 1902, 1903, 1904, 1908, 1909, 1912, 1915, 1917, 1919, 1920, 1924, 1930, 1931, 1933, 1934, 1938, 1939, 1943, 1947, 1948, 1949, 1951, 1952, 1953, 1954, 1957, 1958, 1962, 1965, 1966, 1973, 1974, 1975, 1979, 1980, 1982, 1983, 1984, 1985, 1986, 1987, 1992, 1995, 1996, 1997, 1998, 1999, 2001, 2002, 2005, 2007, 2010, 2011, 2014, 2016, 2017, 2020, 2021, 2023, 2024, 2027, 2028, 2029, 2030, 2031, 2032, 2035, 2036, 2037, 2038, 2039, 2041, 2044, 2047, 2048, 2049, 2050, 2055, 2057, 2061, 2063, 2065, 2066, 2067, 2070, 2071, 2073, 2083, 2084, 2085, 2086, 2088, 2090, 2095, 2096, 2097, 2098, 2100, 2101, 2102, 2108, 2112, 2115, 2117, 2123, 2124, 2127, 2128, 2131, 2139, 2140, 2143, 2145, 2146, 2150, 2152, 2153, 2157, 2159, 2160, 2161, 2162, 2163, 2164, 2168, 2171, 2174, 2175, 2176, 2177, 2179, 2183, 2184, 2185, 2192, 2195, 2199, 2209, 2210, 2213, 2218, 2222, 2223, 2225, 2230, 2235, 2238, 2239, 2242, 2246, 2247, 2249, 2250, 2251, 2258, 2260, 2262, 2265, 2266, 2269, 2273, 2274, 2275, 2276, 2278, 2279, 2285, 2287, 2288, 2289, 2290, 2291, 2292, 2294, 2296, 2297, 2300, 2302, 2304, 2307, 2312, 2313, 2319, 2321, 2327, 2329, 2331, 2335, 2336, 2337, 2343, 2346, 2351, 2353, 2356, 2360, 2361, 2362, 2365, 2366, 2369, 2373, 2374, 2376, 2377, 2378, 2380, 2381, 2383, 2384, 2385, 2387, 2388, 2391, 2396, 2397, 2402, 2404, 2406, 2407, 2408, 2409, 2410, 2412, 2413, 2415, 2416, 2417, 2421, 2422, 2423, 2425, 2431, 2433, 2434, 2435, 2439, 2444, 2445, 2446, 2448, 2452, 2453, 2454, 2458, 2460, 2462, 2463, 2464, 2465, 2470, 2473, 2480, 2484, 2488, 2489, 2491, 2492, 2494, 2495, 2498, 2499, 2503, 2504, 2507, 2510, 2511, 2515, 2516, 2517, 2520, 2521, 2526, 2529, 2532, 2535, 2539, 2541, 2544, 2545, 2546, 2547, 2550, 2555, 2557, 2558, 2559, 2560, 2561, 2562, 2574, 2575, 2577, 2578, 2579, 2580, 2583, 2584, 2586, 2587, 2588, 2590, 2591, 2592, 2593, 2594, 2595, 2597, 2599, 2600, 2604, 2605, 2607, 2610, 2611, 2617, 2620, 2622, 2623, 2624, 2625, 2631, 2633, 2634, 2635, 2641, 2644, 2647, 2648, 2649, 2650, 2654, 2658, 2660, 2661, 2665, 2672, 2673, 2679, 2680, 2681, 2683, 2684, 2686, 2689, 2691, 2692, 2694, 2696, 2697, 2698, 2704, 2707, 2712, 2713, 2714, 2716, 2718, 2725, 2726, 2728, 2731, 2736, 2738, 2740, 2742, 2745, 2751, 2758, 2762, 2763, 2764, 2767, 2768, 2770, 2771, 2773, 2777, 2778, 2781, 2782, 2783, 2785, 2789, 2793, 2798, 2799, 2800, 2801, 2802, 2804, 2806, 2807, 2808, 2810, 2811, 2816, 2829, 2830, 2833, 2834, 2836, 2838, 2840, 2841, 2842, 2844, 2845, 2848, 2851, 2853, 2854, 2855, 2858, 2859, 2861, 2863, 2866, 2867, 2870, 2879, 2885, 2892, 2893, 2895, 2896, 2897, 2898, 2903, 2904, 2906, 2907, 2908, 2910, 2912, 2913, 2918, 2920, 2921, 2924, 2926, 2928, 2930, 2932, 2933, 2934, 2936, 2937, 2943, 2945, 2946, 2948, 2950, 2951, 2954, 2956, 2957, 2959, 2962, 2965, 2966, 2967, 2968, 2971, 2972, 2976, 2978, 2979, 2982, 2985, 2987, 2988, 2990, 2993, 2994, 3000, 3002, 3003, 3004, 3006, 3008, 3009, 3012, 3013, 3014, 3015, 3016, 3022, 3024, 3025, 3026, 3030, 3032, 3033, 3034, 3035, 3036, 3038, 3039, 3040, 3044, 3045, 3046, 3047, 3049, 3051, 3052, 3058, 3061, 3062, 3064, 3068, 3069, 3070, 3073, 3074, 3076, 3077, 3078, 3080, 3081, 3085, 3086, 3087, 3088, 3089, 3091, 3092, 3095, 3096, 3098, 3099, 3100, 3101, 3103, 3106, 3107, 3109, 3110, 3113, 3115, 3121, 3122, 3123, 3125, 3134, 3142, 3143, 3144, 3145, 3149, 3150, 3151, 3152, 3157, 3159, 3161, 3162, 3164, 3172, 3174, 3178, 3179, 3182, 3187, 3188, 3189, 3195, 3198, 3199, 3200, 3201, 3203, 3204, 3208, 3209, 3211, 3212, 3214, 3215, 3217, 3218, 3221, 3224, 3229, 3230, 3232, 3235, 3236, 3238, 3240, 3242, 3245, 3246, 3247, 3249, 3252, 3258, 3259, 3260, 3264, 3269, 3271, 3272, 3274, 3275, 3276, 3279, 3283, 3285, 3286, 3287, 3289, 3290, 3291, 3292, 3298, 3301, 3304, 3306, 3309, 3314, 3315, 3318, 3319, 3320, 3323, 3324, 3325, 3327, 3330, 3332, 3334, 3336, 3337, 3343, 3345, 3348, 3350, 3353, 3354, 3355, 3357, 3361, 3362, 3363, 3364, 3367, 3370, 3375, 3377, 3378, 3380, 3381, 3382, 3383, 3384, 3385, 3386, 3388, 3389, 3391, 3394, 3398, 3401, 3402, 3404, 3407, 3409, 3411, 3417, 3418, 3420, 3421, 3425, 3427, 3431, 3438, 3441, 3443, 3447, 3449, 3450, 3453, 3457, 3458, 3459, 3465, 3467, 3469, 3470, 3473, 3474, 3475, 3477, 3478, 3481, 3483, 3486, 3487, 3489, 3490, 3491, 3494, 3497, 3501, 3510, 3511, 3512, 3513, 3514, 3515, 3516, 3517, 3520, 3521, 3523, 3524, 3525, 3527, 3528, 3530, 3531, 3538, 3539, 3540, 3541, 3542, 3549, 3553, 3556, 3557, 3558, 3561, 3563, 3569, 3571, 3572, 3574, 3582, 3583, 3584, 3586, 3588, 3589, 3591, 3592, 3593, 3594, 3595, 3605, 3606, 3607, 3611, 3613, 3614, 3615, 3617, 3622, 3624, 3626, 3629, 3630, 3631, 3633, 3637, 3642, 3643, 3644, 3647, 3648, 3651, 3652, 3655, 3658, 3659, 3665, 3666, 3667, 3670, 3671, 3673, 3674, 3675, 3677, 3678, 3682, 3686, 3687, 3688, 3699, 3701, 3702, 3704, 3705, 3707, 3708, 3710, 3711, 3712, 3713, 3717, 3719, 3720, 3721, 3722, 3725, 3726, 3727, 3728, 3730, 3733, 3735, 3737, 3738, 3740, 3741, 3744, 3747, 3750, 3752, 3754, 3756, 3757, 3761, 3764, 3765, 3770, 3771, 3772, 3775, 3777, 3779, 3786, 3789, 3790, 3792, 3797, 3799, 3800, 3801, 3802, 3804, 3808, 3810, 3811, 3815, 3818, 3822, 3823, 3825, 3826, 3828, 3829, 3834, 3837, 3838, 3840, 3841, 3843, 3846, 3847, 3848, 3852, 3856, 3858, 3860, 3864, 3867, 3870, 3873, 3876, 3878, 3881, 3894, 3895, 3898, 3899, 3903, 3904, 3912, 3918, 3919, 3927, 3928, 3930, 3932, 3933, 3936, 3937, 3938, 3939, 3941, 3944, 3946, 3947, 3949, 3950, 3956, 3957, 3958, 3961, 3963, 3965, 3967, 3968, 3970, 3971, 3973, 3974, 3976, 3977, 3980, 3983, 3984, 3988, 3989, 3990, 3991, 3993, 3994, 3995, 3996, 3998, 3999, 4000, 4004, 4006, 4008, 4010, 4012, 4013, 4014, 4018, 4019, 4020, 4024, 4026, 4028, 4029, 4032, 4033, 4040, 4042, 4044, 4045, 4050, 4053, 4054, 4060, 4066, 4071, 4072, 4077, 4079, 4082, 4087, 4089, 4090, 4092, 4095, 4097, 4100, 4102, 4103, 4105, 4107, 4108, 4109, 4110, 4112, 4113, 4115, 4118, 4119, 4121, 4129, 4131, 4132, 4133, 4137, 4139, 4140, 4141, 4142, 4143, 4145, 4146, 4148, 4150, 4151, 4152, 4154, 4155, 4156, 4157, 4158, 4161, 4162, 4163, 4164, 4165, 4166, 4167, 4169, 4170, 4173, 4178, 4181, 4185, 4186, 4187, 4190, 4191, 4197, 4203, 4208, 4215, 4217, 4219, 4220, 4221, 4223, 4224, 4226, 4227, 4230, 4231, 4233, 4235, 4241, 4244, 4245, 4246, 4250, 4252, 4258, 4260, 4261, 4262, 4264, 4267, 4268, 4272, 4273, 4274, 4275, 4279, 4280, 4282, 4283, 4284, 4286, 4287, 4289, 4291, 4292, 4299, 4300, 4301, 4302, 4305, 4309, 4310, 4313, 4319, 4321, 4322, 4325, 4327, 4330, 4332, 4333, 4334, 4336, 4337, 4340, 4341, 4343, 4345, 4348, 4350, 4352, 4357, 4359, 4361, 4365, 4368, 4369, 4370, 4372, 4373, 4376, 4382, 4383, 4385, 4386, 4388, 4390, 4393, 4394, 4395, 4400, 4404, 4407, 4409, 4410, 4412, 4413, 4417, 4420, 4422, 4427, 4429, 4430, 4431, 4432, 4435, 4436, 4441, 4443, 4444, 4446, 4454, 4461, 4463, 4465, 4466, 4470, 4472, 4479, 4483, 4485, 4490, 4491, 4492, 4494, 4497, 4498, 4499, 4502, 4507, 4508, 4509, 4510, 4514, 4516, 4520, 4522, 4533, 4534, 4536, 4537, 4538, 4541, 4542, 4543, 4544, 4547, 4548, 4549, 4552, 4554, 4557, 4559, 4560, 4561, 4563, 4564, 4565, 4567, 4568, 4571, 4574, 4576, 4579, 4585, 4588, 4589, 4593, 4599, 4603, 4604, 4607, 4610, 4614, 4615, 4616, 4618, 4620, 4622, 4625, 4628, 4632, 4633, 4638, 4639, 4641, 4642, 4646, 4649, 4652, 4653, 4656, 4657, 4659, 4660, 4663, 4664, 4665, 4669, 4670, 4671, 4672, 4675, 4676, 4677, 4678, 4682, 4683, 4687, 4690, 4691, 4694, 4696, 4697, 4701, 4703, 4704, 4705, 4708, 4709, 4712, 4714, 4715, 4720, 4724, 4725, 4730, 4731, 4733, 4735, 4739, 4746, 4749, 4750, 4756, 4762, 4765, 4768, 4769, 4771, 4773, 4774, 4778, 4781, 4787, 4788, 4794, 4795, 4797, 4798, 4804, 4807, 4811, 4812, 4813, 4815, 4816, 4824, 4829, 4832, 4834, 4835, 4839, 4849, 4853, 4854, 4855, 4856, 4857, 4858, 4860, 4861, 4864, 4866, 4867, 4869, 4870, 4873, 4874, 4879, 4881, 4884, 4887, 4888, 4889, 4892, 4893, 4894, 4895, 4897, 4898, 4901, 4902, 4904, 4905, 4907, 4911, 4913, 4917, 4918, 4920, 4924, 4931, 4934, 4935, 4936, 4939, 4941, 4942, 4947, 4948, 4950, 4956, 4959, 4960, 4962, 4963, 4965, 4966, 4968, 4969, 4970, 4971, 4974, 4975, 4978, 4980, 4982, 4989, 4990, 4996, 4998, 5001, 5006, 5009, 5011, 5013, 5014, 5015, 5020, 5021, 5023, 5025, 5028, 5029, 5030, 5031, 5036, 5037, 5039, 5041, 5043, 5045, 5047, 5053, 5054, 5056, 5060, 5062, 5063, 5064, 5066, 5070, 5071, 5072, 5073, 5074, 5076, 5077, 5078, 5079, 5081, 5085, 5087, 5088, 5092, 5095, 5096, 5101, 5103, 5108, 5120, 5123, 5127, 5128, 5130, 5131, 5133, 5137, 5138, 5142, 5146, 5147, 5148, 5149, 5151, 5153, 5156, 5159, 5161, 5162, 5163, 5168, 5170, 5174, 5175, 5180, 5181, 5186, 5187, 5188, 5189, 5196, 5197, 5202, 5204, 5207, 5208, 5213, 5215, 5216, 5217, 5224, 5225, 5230, 5231, 5234, 5235, 5236, 5238, 5241, 5245, 5247, 5250, 5253, 5254, 5256, 5258, 5259, 5261, 5264, 5266, 5267, 5271, 5272, 5273, 5274, 5279, 5282, 5283, 5284, 5285, 5288, 5289, 5291, 5295, 5300, 5301, 5302, 5304, 5305, 5306, 5308, 5309, 5310, 5312, 5317, 5320, 5321, 5322, 5326, 5328, 5334, 5335, 5336, 5338, 5339, 5340, 5341, 5342, 5344, 5345, 5347, 5351, 5354, 5355, 5356, 5357, 5358, 5361, 5363, 5368, 5369, 5385, 5389, 5390, 5391, 5394, 5395, 5396, 5398, 5400, 5401, 5404, 5405, 5406, 5412, 5416, 5417, 5419, 5421, 5424, 5429, 5431, 5435, 5439, 5440, 5441, 5446, 5453, 5458, 5461, 5464, 5466, 5469, 5470, 5472, 5473, 5479, 5482, 5483, 5485, 5491, 5495, 5498, 5501, 5503, 5504, 5508, 5510, 5515, 5516, 5518, 5520, 5521, 5522, 5524, 5525, 5528, 5529, 5531, 5532, 5533, 5534, 5535, 5537, 5540, 5544, 5545, 5548, 5553, 5554, 5555, 5557, 5559, 5563, 5564, 5565, 5567, 5571, 5572, 5573, 5575, 5576, 5582, 5584, 5586, 5587, 5588, 5590, 5591, 5592, 5594, 5595, 5597, 5601, 5610, 5611, 5612, 5614, 5616, 5617, 5618, 5619, 5622, 5623, 5626, 5630, 5633, 5634, 5635, 5639, 5643, 5645, 5646, 5650, 5654, 5658, 5661, 5662, 5663, 5665, 5667, 5671, 5672, 5673, 5676, 5680, 5681, 5686, 5689, 5691, 5697, 5698, 5699, 5701, 5702, 5704, 5705, 5707, 5708, 5709, 5711, 5714, 5715, 5717, 5718, 5719, 5720, 5723, 5725, 5726, 5729, 5738, 5744, 5748, 5751, 5754, 5759, 5760, 5762, 5763, 5769, 5773, 5774, 5779, 5780, 5784, 5785, 5786, 5792, 5793, 5796, 5800, 5802, 5803, 5804, 5805, 5806, 5810, 5811, 5815, 5818, 5819, 5820, 5821, 5822, 5823, 5825, 5828, 5829, 5830, 5831, 5833, 5839, 5842, 5843, 5844, 5845, 5846, 5854, 5855, 5857, 5858, 5860, 5862, 5865, 5867, 5871, 5876, 5879, 5880, 5882, 5884, 5886, 5887, 5888, 5890, 5893, 5897, 5898, 5899, 5902, 5903, 5904, 5905, 5913, 5918, 5921, 5923, 5925, 5930, 5931, 5932, 5935, 5936, 5939, 5942, 5944, 5947, 5949, 5950, 5951, 5955, 5956, 5957, 5959, 5964, 5966, 5967, 5970, 5978, 5979, 5982, 5985, 5986, 5989, 5993, 5994, 5995, 5998, 5999, 6005, 6006, 6011, 6012, 6013, 6016, 6018, 6020, 6021, 6022, 6024, 6026, 6027, 6029, 6030, 6032, 6033, 6034, 6037, 6038, 6039, 6042, 6046, 6047, 6049, 6053, 6055, 6057, 6059, 6064, 6065, 6068, 6071, 6074, 6077, 6080, 6081, 6082, 6084, 6085, 6086, 6087, 6088, 6092, 6093, 6095, 6096, 6099, 6103, 6104, 6105, 6107, 6110, 6111, 6113, 6116, 6117, 6119, 6122, 6127, 6129, 6130, 6131, 6133, 6135, 6140, 6141, 6142, 6147, 6148, 6149, 6150, 6157, 6158, 6159, 6161, 6166, 6167, 6169, 6170, 6172, 6174, 6176, 6177, 6181, 6185, 6186, 6187, 6194, 6195, 6196, 6200, 6201, 6208, 6209, 6212, 6213, 6216, 6221, 6224, 6225, 6231, 6234, 6236, 6240, 6243, 6246, 6249, 6250, 6257, 6258, 6259, 6260, 6262, 6263, 6267, 6268, 6270, 6273, 6274, 6275, 6281, 6287, 6293, 6295, 6298, 6299, 6301, 6303, 6304, 6305, 6309, 6313, 6314, 6315, 6326, 6327, 6328, 6335, 6338, 6340, 6341, 6342, 6346, 6347, 6349, 6351, 6352, 6358, 6361, 6363, 6364, 6365, 6368, 6369, 6371, 6373, 6375, 6380, 6381, 6382, 6383, 6387, 6389, 6391, 6392, 6393, 6394, 6397, 6399, 6400, 6402, 6408, 6411, 6413, 6415, 6416, 6417, 6419, 6422, 6425, 6427, 6430, 6431, 6434, 6435, 6436, 6438, 6440, 6443, 6447, 6449, 6451, 6452, 6453, 6454, 6456, 6459, 6462, 6463, 6465, 6466, 6467, 6476, 6480, 6483, 6484, 6486, 6487, 6491, 6493, 6495, 6498, 6499, 6500, 6502, 6503, 6505, 6507, 6509, 6511, 6512, 6517, 6519, 6525, 6529, 6530, 6532, 6533, 6534, 6537, 6539, 6541, 6542, 6547, 6550, 6551, 6552, 6553, 6554, 6556, 6557, 6558, 6560, 6562, 6563, 6565, 6569, 6570, 6574, 6576, 6582, 6584, 6585, 6587, 6588, 6591, 6593, 6594, 6595, 6597, 6599, 6601, 6603, 6608, 6613, 6615, 6616, 6617, 6619, 6622, 6624, 6627, 6628, 6629, 6631, 6632, 6634, 6635, 6639, 6641, 6644, 6650, 6653, 6654, 6655, 6660, 6661, 6662, 6665, 6667, 6668, 6669, 6670, 6671, 6682, 6683, 6684, 6687, 6693, 6701, 6702, 6704, 6707, 6708, 6709, 6711, 6712, 6715, 6716, 6718, 6720, 6722, 6723, 6724, 6725, 6733, 6736, 6737, 6739, 6741, 6742, 6743, 6745, 6751, 6754, 6755, 6757, 6758, 6760, 6764, 6766, 6767, 6769, 6772, 6773, 6774, 6778, 6779, 6783, 6785, 6787, 6790, 6795, 6796, 6797, 6798, 6799, 6801, 6806, 6807, 6809, 6810, 6817, 6822, 6823, 6828, 6831, 6833, 6834, 6835, 6836, 6838, 6840, 6844, 6846, 6847, 6848, 6849, 6852, 6853, 6856, 6861, 6865, 6867, 6877, 6879, 6881, 6889, 6893, 6894, 6895, 6896, 6905, 6906, 6909, 6912, 6913, 6914, 6915, 6916, 6920, 6924, 6927, 6928, 6930, 6933, 6934, 6940, 6943, 6950, 6957, 6959, 6969, 6973, 6980, 6985, 6988, 6990, 6992, 6994, 6995, 6996, 6997, 6999, 7000, 7001, 7002, 7004, 7005, 7010, 7013, 7016, 7025, 7027, 7028, 7032, 7033, 7037, 7038, 7041, 7049, 7050, 7051, 7052, 7053, 7054, 7056, 7057, 7058, 7060, 7062, 7063, 7064, 7065, 7066, 7068, 7069, 7072, 7076, 7078, 7080, 7083, 7087, 7093, 7095, 7098, 7099, 7100, 7101, 7102, 7103, 7105, 7107, 7110, 7111, 7113, 7116, 7120, 7127, 7128, 7129, 7130, 7133, 7134, 7137, 7138, 7143, 7144, 7151, 7153, 7154, 7156, 7157, 7158, 7162, 7163, 7171, 7172, 7173, 7174, 7175, 7181, 7185, 7186, 7187, 7188, 7199, 7200, 7201, 7202, 7203, 7204, 7205, 7207, 7208, 7209, 7211, 7212, 7215, 7217, 7219, 7223, 7225, 7228, 7232, 7233, 7236, 7237, 7238, 7243, 7244, 7245, 7246, 7248, 7253, 7255, 7256, 7257, 7258, 7263, 7269, 7271, 7272, 7277, 7279, 7280, 7283, 7285, 7288, 7289, 7290, 7292, 7294, 7298, 7301, 7302, 7304, 7305, 7308, 7310, 7314, 7315, 7316, 7318, 7320, 7322, 7323, 7325, 7327, 7328, 7329, 7330, 7332, 7333, 7336, 7338, 7339, 7343, 7344, 7345, 7346, 7348, 7351, 7352, 7355, 7356, 7360, 7362, 7363, 7365, 7368, 7369, 7370, 7374, 7375, 7376, 7380, 7381, 7382, 7386, 7387, 7393, 7394, 7395, 7397, 7401, 7403, 7406, 7408, 7409, 7411, 7412, 7422, 7423, 7431, 7435, 7436, 7439, 7441, 7443, 7444, 7445, 7452, 7453, 7454, 7455, 7457, 7461, 7464, 7465, 7466, 7469, 7471, 7484, 7491, 7495, 7501, 7503, 7504, 7505, 7506, 7507, 7509, 7512, 7513, 7515, 7516, 7517, 7522, 7524, 7526, 7527, 7529, 7530, 7535, 7536, 7537, 7538, 7539, 7543, 7548, 7549, 7552, 7553, 7557, 7559, 7560, 7562, 7566, 7568, 7572, 7575, 7583, 7586, 7590, 7591, 7594, 7595, 7597, 7599, 7601, 7602, 7604, 7608, 7613, 7614, 7619, 7620, 7623, 7625, 7626, 7627, 7628, 7629, 7630, 7631, 7632, 7634, 7636, 7637, 7638, 7645, 7646, 7648, 7650, 7651, 7659, 7660, 7662, 7663, 7664, 7665, 7667, 7668, 7669, 7670, 7671, 7672, 7676, 7677, 7680, 7682, 7685, 7688, 7692, 7699, 7700, 7701, 7704, 7707, 7708, 7710, 7711, 7712, 7716, 7717, 7718, 7719, 7720, 7726, 7727, 7729, 7730, 7731, 7732, 7733, 7734, 7735, 7736, 7737, 7738, 7742, 7743, 7744, 7749, 7752, 7753, 7754, 7758, 7759, 7761, 7762, 7766, 7767, 7773, 7774, 7775, 7776, 7777, 7785, 7787, 7790, 7791, 7792, 7793, 7798, 7802, 7805, 7808, 7815, 7816, 7817, 7819, 7820, 7821, 7822, 7826, 7827, 7829, 7831, 7832, 7837, 7842, 7845, 7846, 7848, 7849, 7850, 7851, 7855, 7857, 7858, 7861, 7864, 7868, 7870, 7877, 7879, 7881, 7884, 7895, 7898, 7899, 7901, 7904, 7905, 7910, 7912, 7915, 7918, 7919, 7920, 7926, 7928, 7929, 7931, 7934, 7936, 7938, 7939, 7942, 7943, 7946, 7947, 7948, 7949, 7950, 7954, 7955, 7956, 7958, 7959, 7961, 7962, 7969, 7970, 7972, 7973, 7979, 7981, 7983, 7984, 7985, 7988, 7989, 7991, 7993, 7997, 8002, 8003, 8006, 8008, 8011, 8014, 8015, 8019, 8020, 8021, 8022, 8023, 8029, 8030, 8031, 8033, 8039, 8045, 8046, 8047, 8051, 8052, 8055, 8056, 8057, 8059, 8062, 8064, 8065, 8071, 8072, 8078, 8080, 8082, 8084, 8085, 8086, 8088, 8091, 8097, 8103, 8104, 8109, 8111, 8113, 8115, 8117, 8118, 8120, 8121, 8123, 8124, 8129, 8131, 8137, 8138, 8139, 8142, 8144, 8153, 8156, 8159, 8160, 8162, 8163, 8166, 8168, 8169, 8172, 8174, 8177, 8185, 8187, 8188, 8189, 8191, 8192, 8193, 8197, 8200, 8201, 8202, 8206, 8207, 8208, 8209, 8210, 8215, 8216, 8220, 8222, 8224, 8226, 8229, 8231, 8234, 8237, 8240, 8241, 8245, 8248, 8249, 8251, 8252, 8255, 8265, 8266, 8268, 8269, 8271, 8276, 8278, 8279, 8280, 8281, 8283, 8284, 8285, 8286, 8289, 8290, 8302, 8303, 8304, 8305, 8306, 8309, 8310, 8311, 8315, 8317, 8320, 8322, 8323, 8324, 8327, 8330, 8333, 8334, 8338, 8343, 8344, 8347, 8351, 8357, 8358, 8360, 8365, 8368, 8372, 8374, 8380, 8383, 8384, 8385, 8387, 8388, 8390, 8391, 8392, 8393, 8396, 8397, 8398, 8402, 8403, 8408, 8409, 8415, 8418, 8420, 8424, 8429, 8430, 8431, 8432, 8434, 8435, 8438, 8439, 8442, 8443, 8444, 8446, 8449, 8454, 8456, 8463, 8468, 8470, 8471, 8473, 8476, 8477, 8479, 8480, 8482, 8485, 8489, 8490, 8492, 8493, 8494, 8496, 8497, 8498, 8499, 8501, 8502, 8505, 8506, 8507, 8509, 8511, 8512, 8515, 8516, 8518, 8520, 8521, 8524, 8525, 8528, 8529, 8530, 8533, 8534, 8536, 8537, 8543, 8545, 8547, 8551, 8552, 8557, 8559, 8562, 8568, 8569, 8570, 8572, 8573, 8578, 8582, 8589, 8590, 8594, 8599, 8600, 8603, 8604, 8612, 8616, 8620, 8621, 8622, 8623, 8624, 8626, 8627, 8633, 8636, 8641, 8645, 8647, 8648, 8649, 8655, 8656, 8659, 8661, 8665, 8666, 8667, 8668, 8669, 8670, 8671, 8672, 8673, 8674, 8675, 8676, 8677, 8682, 8685, 8686, 8688, 8689, 8691, 8692, 8696, 8697, 8698, 8705, 8710, 8713, 8719, 8721, 8725, 8727, 8729, 8731, 8733, 8734, 8736, 8738, 8739, 8740, 8744, 8746, 8747, 8750, 8754, 8756, 8758, 8759, 8760, 8763, 8769, 8773, 8775, 8780, 8781, 8785, 8787, 8788, 8791, 8792, 8798, 8799, 8804, 8805, 8806, 8807, 8808, 8809, 8810, 8811, 8812, 8813, 8815, 8816, 8820, 8822, 8825, 8828, 8829, 8834, 8838, 8848, 8853, 8855, 8857, 8859, 8861, 8862, 8865, 8866, 8867, 8869, 8871, 8877, 8878, 8879, 8883, 8887, 8888, 8890, 8891, 8892, 8893, 8894, 8896, 8897, 8899, 8903, 8904, 8905, 8906, 8908, 8914, 8915, 8916, 8921, 8922, 8931, 8932, 8937, 8938, 8939, 8940, 8941, 8943, 8945, 8946, 8955, 8960, 8965, 8966, 8967, 8968, 8969, 8981, 8989, 8990, 8992, 8994, 8998, 9001, 9006, 9010, 9013, 9015, 9016, 9017, 9018, 9020, 9023, 9024, 9025, 9027, 9030, 9034, 9035, 9036, 9038, 9040, 9042, 9044, 9047, 9048, 9049, 9050, 9052, 9053, 9058, 9065, 9068, 9069, 9074, 9079, 9083, 9085, 9087, 9093, 9097, 9098, 9100, 9101, 9104, 9108, 9110, 9112, 9114, 9115, 9117, 9119, 9122, 9124, 9125, 9128, 9133, 9138, 9141, 9142, 9143, 9144, 9148, 9150, 9152, 9153, 9154, 9155, 9159, 9162, 9165, 9167, 9168, 9169, 9173, 9175, 9177, 9181, 9182, 9184, 9188, 9192, 9198, 9203, 9211, 9215, 9216, 9218, 9219, 9220, 9225, 9226, 9228, 9229, 9231, 9232, 9234, 9236, 9238, 9240, 9243, 9245, 9248, 9252, 9255, 9256, 9257, 9259, 9260, 9262, 9263, 9265, 9268, 9270, 9272, 9274, 9275, 9281, 9292, 9294, 9296, 9302, 9303, 9307, 9309, 9310, 9311, 9313, 9315, 9317, 9320, 9322, 9323, 9324, 9326, 9327, 9329, 9330, 9332, 9336, 9339, 9340, 9342, 9346, 9349, 9350, 9351, 9352, 9353, 9355, 9356, 9359, 9360, 9367, 9368, 9371, 9372, 9373, 9374, 9376, 9377, 9378, 9379, 9383, 9384, 9385, 9391, 9396, 9397, 9398, 9403, 9404, 9407, 9409, 9412, 9414, 9417, 9420, 9421, 9423, 9424, 9426, 9428, 9435, 9437, 9443, 9444, 9447, 9448, 9451, 9453, 9454, 9455, 9459, 9460, 9462, 9464, 9465, 9480, 9486, 9492, 9496, 9497, 9501, 9502, 9504, 9507, 9508, 9509, 9510, 9512, 9514, 9515, 9517, 9523, 9524, 9532, 9534, 9537, 9540, 9543, 9545, 9547, 9551, 9552, 9556, 9558, 9561, 9563, 9565, 9568, 9571, 9572, 9573, 9575, 9578, 9582, 9584, 9589, 9591, 9592, 9593, 9595, 9596, 9597, 9598, 9602, 9604, 9606, 9615, 9617, 9619, 9620, 9621, 9622, 9624, 9627, 9628, 9629, 9630, 9633, 9634, 9635, 9638, 9639, 9641, 9642, 9649, 9650, 9651, 9653, 9655, 9656, 9660, 9661, 9662, 9670, 9674, 9675, 9677, 9679, 9683, 9687, 9688, 9690, 9692, 9696, 9697, 9700, 9704, 9705, 9708, 9709, 9710, 9711, 9715, 9719, 9722, 9723, 9731, 9734, 9736, 9737, 9739, 9742, 9744, 9749, 9750, 9754, 9755, 9756, 9759, 9761, 9763, 9764, 9772, 9773, 9775, 9777, 9779, 9780, 9783, 9784, 9794, 9796, 9797, 9798, 9800, 9802, 9804, 9811, 9814, 9815, 9818, 9819, 9821, 9823, 9824, 9825, 9828, 9830, 9832, 9833, 9835, 9843, 9844, 9847, 9848, 9858, 9859, 9860, 9861, 9862, 9863, 9870, 9871, 9872, 9874, 9876, 9877, 9882, 9883, 9885, 9889, 9890, 9891, 9892, 9894, 9896, 9899, 9901, 9903, 9904, 9907, 9908, 9909, 9913, 9920, 9923, 9924, 9927, 9931, 9934, 9936, 9938, 9940, 9941, 9948, 9949, 9951, 9952, 9955, 9956, 9957, 9958, 9959, 9961, 9968, 9969, 9970, 9974, 9975, 9980, 9986, 9995, 9999]
Packed_weights: [5808, 2058, 6420, 9465, 4494, 2880, 8770, 4191, 8719, 1047, 735, 6675, 1347, 8682, 6120, 9135, 2274, 7189, 8298, 3330, 9039, 6099, 8800, 4926, 9556, 342, 9543, 4905, 7177, 5988, 8937, 9808, 1302, 2049, 7441, 7602, 4872, 5724, 5712, 7717, 8505, 4998, 540, 6138, 7200, 4002, 8100, 8220, 7891, 9364, 2370, 4614, 615, 8503, 1164, 7980, 8371, 2460, 8761, 4128, 6366, 4044, 1515, 9945, 5232, 9055, 2223, 9318, 4572, 5001, 8535, 9906, 8188, 9733, 9052, 4137, 1107, 7554, 8124, 9046, 4527, 5961, 2118, 81, 8007, 9019, 9904, 3483, 7216, 5475, 7933, 3987, 9601, 6264, 9949, 3099, 3495, 5229, 4752, 7560, 3627, 9040, 9633, 4419, 4182, 7414, 1128, 8353, 1557, 8076, 3963, 3606, 4005, 3507, 6114, 1443, 9528, 7356, 9670, 7806, 9820, 6957, 609, 8529, 9640, 7695, 2727, 4479, 2130, 7837, 3768, 7249, 8674, 7177, 1410, 9159, 8734, 9792, 7416, 4608, 8592, 9484, 8460, 2541, 8460, 8122, 9040, 2523, 1743, 8127, 3186, 8101, 90, 7207, 5844, 7663, 432, 348, 4344, 3552, 8988, 6789, 3795, 4008, 4251, 9903, 5028, 9600, 7278, 4020, 8485, 9250, 8916, 2997, 585, 4134, 7684, 7987, 777, 3972, 5145, 1221, 3024, 2496, 3543, 1551, 7927, 6462, 2877, 288, 2826, 9858, 9306, 5757, 9078, 9085, 8695, 3336, 2232, 7173, 6840, 6423, 7882, 7335, 4047, 6363, 3066, 6282, 7663, 8152, 525, 6246, 4293, 8655, 9793, 7959, 8836, 9477, 9724, 4854, 5166, 6837, 4251, 9655, 9232, 3051, 5118, 7276, 8035, 7614, 7819, 9439, 7834, 7716, 9292, 3663, 6150, 1494, 252, 8706, 8284, 9289, 9804, 840, 3840, 8415, 2700, 4518, 5355, 4776, 9292, 7026, 7047, 5451, 3624, 7447, 8971, 6762, 5889, 2355, 627, 8335, 726, 9426, 9649, 9612, 2646, 3684, 6693, 5139, 2517, 8119, 8461, 1008, 8875, 6057, 1434, 492, 8643, 5817, 2796, 8157, 5727, 9075, 2067, 9349, 2121, 9429, 5172, 8923, 8038, 2283, 9700, 7717, 6483, 2091, 354, 3558, 2796, 6774, 9219, 3339, 5457, 7821, 9390, 7978, 9553, 2496, 2232, 8433, 5778, 8670, 6864, 5124, 6828, 4143, 3192, 1098, 6408, 9909, 2364, 9792, 9877, 5715, 7155, 9762, 8334, 5721, 1680, 9136, 9892, 4305, 8940, 2418, 5397, 8538, 5406, 8089, 1350, 1656, 2649, 6432, 87, 7074, 4488, 4674, 7854, 6090, 9345, 8124, 7140, 7543, 7848, 7765, 7392, 9679, 7279, 6270, 9853, 8266, 4272, 8940, 2358, 8151, 7692, 7425, 9306, 7219, 9067, 9159, 7942, 8847, 9205, 2637, 627, 7432, 1107, 1374, 9294, 4614, 2157, 7282, 7680, 9286, 2262, 8205, 705, 7194, 7885, 8187, 5133, 4878, 5361, 2472, 585, 9249, 3618, 4539, 9348, 9289, 4941, 7743, 5643, 1992, 5526, 1053, 7491, 2355, 8623, 9774, 9858, 7297, 2247, 5826, 9838, 2397, 5196, 8457, 7867, 7423, 4566, 1683, 6066, 4227, 8863, 4080, 8034, 3408, 3162, 8706, 1287, 504, 7573, 9295, 5268, 9840, 5181, 8752, 7357, 1938, 5868, 7773, 1938, 3999, 7875, 6372, 3912, 6783, 9117, 2160, 3843, 363, 8151, 7734, 2628, 3348, 5814, 7516, 4932, 6897, 5832, 9768, 1782, 5253, 8430, 8862, 4671, 7473, 6180, 8398, 4899, 3312, 9987, 9909, 6171, 7857, 3, 5667, 6459, 6906, 8128, 5478, 3630, 750, 693, 4416, 7498, 5043, 7183, 1164, 5949, 636, 4965, 6738, 8568, 606, 6906, 6441, 339, 9159, 4626, 4593, 3573, 543, 8610, 6348, 2250, 7266, 4881, 9589, 573, 6099, 9840, 324, 3813, 7936, 8086, 8674, 1389, 7809, 3822, 7440, 6363, 6153, 2070, 7840, 5412, 2547, 2841, 7621, 5100, 8604, 1344, 2988, 66, 9162, 6339, 8071, 7068, 9207, 666, 690, 9387, 9529, 4674, 6864, 4875, 8316, 7521, 5025, 8946, 2454, 7606, 468, 8029, 6339, 3783, 7813, 9643, 84, 1986, 7122, 4671, 8481, 9864, 2967, 8232, 8212, 4959, 2199, 4584, 5271, 639, 3915, 1590, 4749, 6330, 8565, 3402, 7345, 1584, 2637, 2832, 3717, 7885, 9697, 15, 8883, 7074, 8722, 8940, 4125, 8395, 4248, 8385, 1008, 8602, 9549, 8239, 7716, 1962, 8379, 8884, 7944, 9402, 7089, 3369, 6366, 5694, 8541, 9402, 3249, 3771, 6996, 3411, 378, 7699, 8734, 9526, 3231, 4758, 6471, 8100, 9684, 8784, 4125, 7467, 9870, 3852, 4896, 378, 8434, 7666, 2973, 213, 7702, 8326, 7267, 3744, 1368, 7867, 9586, 9465, 7549, 4983, 8757, 2715, 717, 7951, 1842, 3759, 537, 8901, 8577, 7936, 9174, 8178, 1164, 8013, 9774, 8763, 2298, 8652, 9624, 6537, 7549, 3510, 7942, 2799, 5829, 396, 7312, 8385, 303, 8553, 4932, 3834, 9571, 5484, 3075, 5610, 9631, 2958, 7167, 8712, 2943, 7947, 2304, 9102, 5304, 9765, 9808, 1413, 2538, 7131, 9216, 8845, 9672, 8382, 7423, 5175, 7485, 8712, 7687, 9448, 3534, 9562, 2001, 1731, 8664, 171, 1101, 8295, 3288, 7774, 4851, 4449, 363, 6786, 2187, 2118, 8440, 1239, 7980, 9538, 8080, 7875, 7417, 9889, 7896, 8482, 7902, 7224, 6762, 7407, 4356, 9493, 1119, 228, 8704, 4095, 4116, 8595, 2142, 9442, 6039, 4116, 8832, 9957, 8985, 4506, 4455, 5121, 6015, 7819, 60, 1260, 9496, 9516, 5505, 7263, 9057, 1068, 9813, 8848, 747, 9726, 9558, 9817, 9285, 6216, 774, 5148, 8800, 1332, 2760, 1047, 2151, 9487, 3576, 9703, 8239, 8971, 4752, 183, 9670, 9453, 3798, 4965, 4236, 8442, 8925, 8005, 8349, 2163, 2082, 7785, 6072, 7518, 6948, 3273, 9907, 9435, 8196, 4989, 246, 5034, 525, 4611, 3939, 7864, 9784, 5178, 9598, 450, 8856, 1803, 4779, 3438, 8755, 630, 4089, 8316, 4086, 6624, 4722, 6216, 4182, 714, 756, 9177, 9019, 2094, 9393, 4548, 33, 2163, 1836, 9411, 8239, 1338, 3591, 8137, 9646, 5250, 6645, 3834, 774, 8520, 2067, 3276, 6777, 1266, 7194, 7260, 8527, 3333, 7698, 7758, 9792, 2259, 2319, 9586, 480, 8440, 6150, 4875, 7530, 10000, 2184, 7957, 4596, 4332, 4485, 9504, 7744, 1179, 7092, 9340, 18, 2673, 3732, 7915, 9019, 5964, 8130, 8878, 6105, 9211, 6852, 8734, 7636, 4662, 8070, 9199, 3765, 8934, 1038, 8076, 2832, 9621, 5079, 528, 8523, 7284, 8457, 6786, 7542, 7299, 9915, 5187, 5442, 8005, 9121, 3438, 6135, 6483, 9622, 1554, 5226, 8463, 9231, 7900, 7368, 5202, 4527, 4890, 768, 3354, 8458, 8569, 1095, 2994, 9771, 1053, 8545, 1710, 777, 6231, 9973, 3390, 5283, 3546, 8404, 5010, 1662, 6801, 456, 3288, 7209, 5058, 7387, 8182, 9004, 3951, 1872, 7089, 9939, 195, 354, 2604, 1965, 5130, 1755, 8496, 3981, 4743, 7575, 4794, 1848, 1383, 8632, 2895, 5928, 6840, 3555, 9201, 159, 612, 2301, 159, 9831, 9484, 3654, 8283, 8473, 1833, 3786, 9993, 7585, 7270, 9441, 9513, 2721, 8014, 6783, 8184, 5532, 5817, 9285, 3060, 5316, 4179, 1899, 5817, 9927, 9526, 6852, 6261, 6132, 45, 5271, 843, 9744, 1029, 2094, 573, 8487, 3900, 8412, 7620, 9979, 9450, 6393, 1359, 8563, 2073, 2307, 5031, 6828, 2520, 7299, 2850, 3180, 6600, 3684, 528, 7179, 6210, 2484, 1155, 8941, 1200, 9649, 2922, 7347, 9502, 3627, 30, 225, 6342, 8733, 7935, 2637, 7228, 4221, 9247, 3021, 9622, 6516, 1128, 7357, 7977, 7459, 4308, 6681, 942, 8290, 687, 2220, 9567, 3801, 1248, 5535, 8631, 1089, 9972, 3888, 5949, 7389, 8794, 6327, 3960, 2604, 1668, 1422, 8124, 5985, 7375, 9525, 5763, 9496, 1953, 6159, 9165, 4578, 9834, 480, 1752, 8637, 8413, 5430, 48, 2205, 7525, 8686, 7584, 2088, 4032, 5073, 8145, 7857, 4218, 1506, 7705, 4035, 9537, 2919, 1410, 9991, 9960, 2616, 633, 8029, 7818, 8131, 372, 672, 8224, 9717, 1542, 9231, 9958, 9012, 9529, 1107, 9103, 9558, 8698, 339, 2769, 2085, 1413, 1491, 7750, 5262, 7675, 7989, 6927, 408, 9249, 8161, 9016, 9559, 5916, 8010, 7612, 9757, 9069, 4686, 1740, 5856, 2433, 7941, 5424, 8215, 8506, 1908, 7543, 6771, 2748, 4530, 1176, 9966, 3270, 8290, 2493, 8568, 2226, 7930, 8038, 8388, 3195, 6021, 9741, 5742, 7819, 6813, 9514, 1095, 4134, 6735, 3015, 9234, 9975, 1779, 6426, 9694, 8424, 357, 8382, 9307, 7116, 1404, 7629, 180, 4065, 7791, 5469, 4437, 474, 6711, 6189, 2226, 7423, 8854, 8838, 8865, 7554, 2487, 3237, 384, 2523, 4644, 9868, 1458, 5892, 7470, 4740, 6591, 9271, 8251, 2499, 7317, 870, 2763, 9670, 8091, 2460, 2187, 8904, 4695, 7809, 1635, 9652, 5895, 9099, 8023, 162, 120, 5943, 2766, 5265, 8923, 7258, 8986, 7750, 2388, 2934, 4392, 8515, 9016, 5142, 5595, 4782, 3021, 6984, 7882, 1032, 4758, 6642, 3408, 6873, 555, 9063, 9339, 2808, 6654, 7533, 1011, 8556, 7279, 7356, 8671, 8554, 9483, 5769, 1833, 1164, 4494, 7872, 3909, 3072, 4929, 9349, 4233, 7800, 579, 8385, 3723, 2070, 1044, 5547, 5214, 7452, 2667, 8722, 4611, 8790, 4710, 7194, 7653, 8287, 2634, 2907, 9118, 3549, 3351, 9175, 3909, 5454, 1227, 6813, 8559, 9085, 9511, 7863, 2931, 8446, 9925, 1443, 2139, 8083, 2739, 3825, 7407, 4080, 8406, 9805, 3096, 5526, 4668, 8596, 1680, 4920, 2637, 7438, 8470, 9009, 6414, 8277, 9472, 8827, 4083, 6750, 9537, 1809, 9028, 3795, 5004, 8688, 627, 6027, 8059, 6828, 4779, 2397, 4827, 9417, 4359, 7092, 8526, 9963, 9097, 4881, 9709, 8553, 4566, 5724, 8059, 8118, 834, 30, 7774, 6639, 6603, 9408, 3300, 9610, 2106, 9874, 8002, 6027, 8737, 9252, 1944, 4368, 7192, 3567, 8241, 8448, 7374, 573, 6453, 705, 3192, 4500, 1755, 7156, 7440, 5739, 4125, 4509, 9445, 4842, 717, 1227, 4875, 3972, 7825, 2376, 6261, 8373, 168, 2613, 8218, 8725, 8922, 6996, 7935, 7590, 7134, 4068, 4299, 6084, 7564, 9498, 7969, 2022, 1590, 4119, 8326, 6771, 5235, 7909, 2769, 9262, 3522, 3408, 3087, 3840, 7854, 9132, 8824, 9897, 7743, 1467, 6435, 795, 7558, 3642, 3936, 8113, 4266, 4932, 8115, 4749, 9850, 6921, 8307, 8256, 3342, 1236, 387, 3360, 4092, 9168, 9, 7750, 8619, 2238, 1959, 1770, 7794, 819, 1101, 9796, 8028, 7174, 1872, 3636, 9520, 8125, 6225, 8746, 2301, 906, 9370, 6837, 6621, 4356, 7701, 9505, 8838, 2790, 2211, 7273, 9850, 6591, 8983, 690, 7546, 6291, 645, 4251, 6237, 9472, 996, 8034, 5001, 9310, 7065, 2535, 9528, 6282, 7548, 4398, 9705, 7233, 2085, 9468, 1620, 5865, 8733, 9937, 4440, 6180, 3042, 6054, 9240, 2478, 7905, 888, 5982, 1710, 9201, 8371, 7860, 6507, 8274, 7107, 7986, 7282, 4377, 9706, 3789, 3012, 3897, 855, 8208, 3894, 9666, 9277, 9094, 8811, 8382, 756, 9040, 114, 4389, 8976, 7032, 7392, 7509, 6180, 2229, 1854, 2400, 1146, 498, 9312, 9504, 5856, 7284, 9990, 6282, 9759, 1560, 747, 9342, 8671, 1236, 2475, 9336, 4293, 4893, 3108, 7254, 9601, 8146, 9430, 1503, 8854, 9592, 2865, 7179, 1035, 2001, 8233, 9931, 1335, 7641, 2370, 2172, 7860, 3648, 3390, 7599, 8973, 3483, 5613, 8686, 6282, 5988, 9501, 3609, 5115, 8932, 2538, 1239, 4065, 6042, 5703, 9339, 7501, 2136, 9456, 5817, 9099, 8392, 7458, 2643, 8871, 6768, 1530, 4674, 8809, 1452, 6105, 2985, 9292, 7224, 8218, 3381, 5961, 7425, 3909, 8859, 7134, 5625, 4551, 3087, 9856, 381, 6567, 9397, 1413, 7996, 2580, 8649, 6534, 3399, 4503, 1140, 2454, 2988, 3687, 8094, 9238, 9223, 3276, 7143, 6195, 9312, 9339, 7776, 5613, 7377, 6408, 5100, 3390, 8485, 9039, 5148, 8274, 9885, 7293, 8190, 9714, 5724, 12, 9436, 8640, 7683, 3027, 3252, 2700, 9310, 5403, 2286, 1410, 2988, 5022, 9991, 840, 9184, 5379, 9789, 1830, 9211, 7554, 528, 5397, 1839, 4992, 8344, 2205, 9759, 8068, 2277, 6309, 7885, 8989, 3309, 9547, 6417, 2892, 8455, 6066, 1797, 5958, 1845, 4029, 8686, 132, 8611, 5313, 3936, 6507, 5001, 6894, 5757, 8019, 8691, 1554, 7435, 7528, 8055, 2214, 8742, 6021, 8694, 8082, 3363, 4191, 6495, 2676, 9952, 6483, 6786, 3, 8464, 5325, 9798, 9009, 1158, 8967, 2199, 3537, 852, 1440, 7909, 9472, 9822, 7750, 8245, 9655, 9549, 2709, 9652, 648, 3576, 4863, 7281, 6312, 5052, 2925, 4083, 1353, 5289, 2811, 897, 8209, 9874, 9054, 3402, 405, 8145, 7495, 8029, 5688, 6222, 8752, 2877, 2106, 8778, 9427, 8701, 996, 2151, 3984, 5763, 9726, 2649, 1815, 3165, 8862, 7572, 1092, 8551, 7732, 8293, 9897, 1311, 8818, 9388, 96, 240, 1704, 2523, 7300, 8037, 3861, 6048, 6051, 1461, 2343, 7179, 5529, 6795, 7149, 6609, 3909, 2415, 5160, 3003, 9234, 8323, 2649, 2148, 1446, 9982, 7345, 7518, 1302, 4695, 7179, 645, 9486, 7270, 9342, 9714, 3072, 8955, 1974, 9559, 444, 7429, 6708, 1086, 6060, 1233, 7752, 849, 8022, 258, 6897, 876, 9436, 7849, 9741, 6603, 744, 5802, 5718, 4938, 4950, 7591, 9279, 1470, 5337, 312, 1224, 8343, 2931, 2508, 7572, 7993, 4602, 3228, 3387, 8292, 3507, 57, 5907, 7875, 7935, 5823, 7473, 1074, 9135, 8887, 9843, 8383, 5169, 9232, 2295, 9555, 8376, 3714, 21, 4329, 7422, 5217, 8191, 5289, 5280, 8325, 432, 8863, 9262, 8568, 957, 9963, 1773, 6864, 7272, 129, 9081, 774, 8862, 9102, 4449, 7468, 1728, 4404, 5130, 9595, 9843, 9271, 5991, 8178, 1254, 9466, 6306, 9669, 7687, 7635, 8347, 2043, 519, 4455, 5283, 9130, 8845, 5781, 3738, 9760, 5097, 543, 8700, 2709, 8958, 7192, 9712, 4821, 9814, 1998, 5808, 135, 7524, 7855, 6204, 2736, 4227, 7783, 810, 6762, 8950, 7152, 6621, 2877, 9616, 8022, 8409, 7996, 6975, 8091, 7477, 2835, 303, 9822, 9027, 6, 5481, 3918, 342, 9223, 6243, 5052, 4923, 2499, 8361, 8971, 4377, 4716, 8841, 3888, 7881, 7534, 984, 4284, 9853, 1245, 8578, 4794, 144, 8487, 8118, 7704, 531, 7941, 408, 1551, 3792, 9126, 9657, 2844, 7570, 6324, 993, 6873, 1476, 585, 4752, 5247, 2757, 9732, 9451, 7794, 1824, 9967, 8110, 8418, 8242, 2862, 7311, 9394, 54, 7291, 123, 7602, 6330, 8368, 8157, 5016, 450, 8308, 5088, 1821, 5337, 9217, 7539, 3123, 159, 8655, 8698, 1902, 4659, 7651, 693, 2550, 798, 4962, 9163, 9864, 8373, 6969, 3993, 2340, 3105, 822, 8683, 3123, 423, 9670, 6099, 9046, 7800, 9850, 7782, 9588, 4791, 5730, 9054, 9243, 9355, 8800, 1380, 7888, 8331, 7627, 9619, 2523, 9277, 2160, 6411, 7537, 4083, 9049, 69, 2472, 9102, 978, 8758, 6159, 8547, 6897, 9160, 9811, 9727, 7471, 6012, 9342, 9817, 1941, 3765, 3063, 9111, 3156, 7333, 7660, 2433, 8152, 9612, 4380, 9102, 9772, 9262, 3801, 8535, 3846, 8988, 3372, 6765, 7575, 9021, 7189, 2727, 441, 5235, 8965, 8190, 8262, 4317, 192, 6588, 7290, 3471, 9543, 7177, 174, 1641, 5358, 1731, 2550, 2214, 6000, 7260, 7578, 8409, 333, 8253, 864, 6759, 2649, 9016, 8455, 7453, 2076, 8824, 8770, 9904, 2232, 9033, 8167, 7875, 7662, 3378, 9117, 2889, 5691, 2133, 711, 9208, 9975, 1869, 9711, 3594, 8785, 8217, 3111, 9033, 579, 4797, 9100, 9352, 5337, 210, 2901, 8178, 5493, 1689, 2076, 5289, 3327, 4728, 1485, 6981, 6507, 1056, 2157, 9144, 3582, 351, 9003, 807, 435, 606, 9249, 8074, 9549, 7453, 6831, 4146, 3243, 2487, 972, 1299, 375, 9820, 1299, 7095, 7209, 7506, 8341, 8490, 8751, 9630, 8539, 9178, 8575, 8058, 7803, 7714, 8745, 2628, 8005, 2904, 2400, 9585, 2193, 6351, 756, 8670, 1176, 4857, 9634, 1611, 1749, 8614, 9340, 5037, 9871, 3000, 3780, 7173, 8802, 663, 5913, 8142, 5064, 5130, 9580, 9370, 5736, 8461, 9042, 8685, 4176, 1968, 1485, 9340, 9786, 5757, 3300, 4086, 9070, 9313, 8482, 3771, 9159, 9949, 7500, 2157, 7807, 444, 4299, 9139, 5706, 8547, 5904, 7432, 2037, 249, 9528, 6528, 6228, 2151, 3561, 9775, 3408, 6687, 3336, 6885, 7191, 7849, 3948, 2220, 978, 8130, 8119, 7707, 3987, 2217, 1920, 3837, 4089, 8890, 2229, 5325, 8923, 8862, 5112, 9889, 8455, 7312, 2385, 2325, 7708, 2130, 1278, 7774, 4971, 5781, 9745, 9060, 7513, 2793, 342, 9504, 2607, 8989, 7503, 2844, 4203, 7398, 1167, 4107, 7803, 1128, 1818, 4851, 7821, 6987, 9499, 7723, 8161, 8172, 75, 4809, 7440, 2649, 8476, 4992, 1356, 5874, 8149, 3849, 9241, 7371, 4881, 8610, 6591, 9415, 7251, 9195, 3420, 8766, 1563, 8230, 5967, 8409, 4200, 330, 1404, 8764, 1686, 9991, 8136, 7056, 3435, 8761, 870, 669, 8556, 7317, 78, 2100, 5640, 8212, 9849, 6033, 6693, 9988, 3621, 5694, 9553, 3834, 9241, 3810, 720, 9031, 2880, 7189, 1536, 192, 5667, 6657, 6552, 8632, 1869, 3189, 6384, 8052, 8883, 6777, 9856, 9631, 8754, 7113, 8869, 7522, 3624, 6300, 2562, 3732, 4071, 1602, 8223, 8806, 6342, 9550, 8395, 2295, 417, 8706, 7029, 9283, 909, 6861, 9937, 2382, 6258, 6465, 4518, 9298, 1863, 2280, 6723, 3027, 4323, 9018, 5868, 6852, 9330, 1920, 5994, 4989, 9841, 7059, 3036, 3525, 7890, 9010, 8317, 6183, 6657, 4464, 6153, 1011, 9076, 6261, 9612, 8028, 9327, 9705, 9432, 5856, 5040, 3444, 9756, 6006, 7411, 9829, 9451, 2238, 8088, 8646, 5214, 2031, 4917, 9979, 4548, 7306, 7080, 7888, 1062, 6408, 7857, 5160, 9471, 1878, 8478, 9960, 1650, 6303, 7944, 5412, 7467, 7399, 8272, 6972, 8266, 9634, 8575, 6468, 6528, 5073, 9511, 9898, 3663, 615, 2874, 7824, 3579, 3075, 5721, 6912, 5109, 8925, 3678, 6771, 9552, 9018, 6021, 9034, 6174, 9408, 3705, 8790, 1869, 5412, 9808, 7230, 2802, 9583, 4743, 1056, 9549, 4434, 3603, 5706, 753, 282, 9084, 1854, 393, 9651, 4296, 7272, 9394, 429, 1497, 7686, 2502, 645, 9600, 4935, 3510, 9858, 1596, 222, 3909, 7828, 7836, 7393, 7639, 3858, 9271, 3768, 1587, 7237, 6108, 7872, 8656, 3606, 2943, 4632, 8928, 5700, 9441, 5301, 3549, 5931, 7956, 4059, 4461, 7452, 9519, 2355, 1668, 8550, 9213, 135, 9394, 7885, 9312, 4344, 408, 2889, 444, 2817, 1287, 8892, 4815, 5022, 9153, 9589, 8388, 339, 2562, 4695, 3177, 630, 2679, 8880, 1242, 6438, 9291, 7489, 5685, 9313, 9082, 7363, 9702, 1587, 1386, 6723, 5850, 3102, 3879, 9493, 9184, 9877, 8587, 7564, 3393, 9030, 5493, 4278, 8089, 4689, 9823, 288, 5559, 1986, 8514, 585, 3498, 7167, 8737, 9363, 144, 7581, 5796, 7641, 8326, 2490, 1989, 8767, 9177, 306, 9085, 9408, 159, 8988, 7267, 3384, 2931, 9273, 9660, 2742, 9027, 2271, 8260, 8934, 9088, 4482, 9556, 8400, 828, 6516, 4767, 30, 6051, 6885, 6963, 9906, 7002, 2682, 3444, 246, 7717, 4704, 9505, 3816, 1119, 8857, 7950, 7378, 4020, 5280, 4839, 7696, 9574, 5922, 8751, 6069, 8827, 9030, 9159, 4566, 3486, 7587, 9805, 5184, 9622, 9258, 7890, 8866, 3282, 5664, 9834, 483, 7246, 6837, 7884, 7905, 2175, 1338, 4542, 3288, 9478, 8478, 366, 2679, 4686, 27, 4353, 3027, 4095, 3375, 9124, 5493, 6750, 7722, 3435, 2430, 6165, 9184, 7759, 1143, 9010, 9655, 3804, 1881, 8554, 8349, 8893, 1242, 9963, 2283, 6714, 6759, 5013, 8454, 5610, 5526, 4248, 1893, 2253, 9009, 6309, 8335, 8196, 8074, 9646, 9978, 9832, 9687, 6780, 9529, 8214, 9079, 6546, 2172, 8098, 2640, 4209, 8173, 9249, 8007, 8038, 9522, 8787, 4083, 825, 1776, 1308, 6396, 4422, 9385, 5493, 3339, 5478, 1569, 705, 8166, 4044, 6891, 354, 8451, 7092, 9934, 7413, 4458, 7674, 9579, 5511, 9795, 1545, 1299, 69, 7696, 6654, 5247, 9264, 891, 5277, 5136, 4344, 8200, 1980, 4758, 4608, 6720, 7233, 1584, 7011, 750, 6159, 2697, 7788, 186, 933, 6795, 5286, 7548, 3894, 8905, 9763, 6432, 183, 7612, 8038, 18, 1557, 8971, 8463, 2148, 8202, 9498, 2409, 9652, 705, 2499, 8808, 7234, 5388, 8965, 9943, 3192, 8115, 7744, 2592, 9048, 8196, 7921, 8617, 4551, 1995, 8838, 4530, 4773, 1407, 1515, 9646, 4344, 8547, 8337, 933, 7492, 9256, 5802, 7279, 111, 5538, 7615, 840, 6351, 7399, 102, 8958, 2490, 7788, 2451, 3483, 7278, 8457, 7797, 9310, 9814, 6921, 8404, 7759, 8109, 1077, 1989, 9805, 7167, 8023, 9109, 8106, 8706, 6441, 4230, 5736, 7230, 417, 4593, 6324, 5220, 8556, 9982, 8259, 966, 9883, 4266, 6543, 1419, 8320, 9618, 3903, 7888, 9864, 6732, 582, 4530, 600, 3198, 8227, 9327, 8026, 7584, 7272, 3417, 9448, 7240, 9177, 7230, 8044, 2661, 663, 8247, 8233, 8098, 9729, 7167, 7861, 4662, 2277, 9471, 8098, 2619, 8835, 8205, 6147, 8652, 5979, 4773, 7329, 9780, 5502, 2967, 4173, 4074, 3417, 6138, 5964, 9424, 660, 8229, 1053, 5691, 5112, 8391, 8623, 8122, 6936, 3804, 2580, 8727, 813, 7957, 2457, 7510, 6792, 7449, 7312, 8679, 5040, 7945, 270, 7291, 7929, 7453, 6513, 3276, 5916, 7957, 9516, 8241, 9927, 9012, 7089, 8098, 2370, 294, 7764, 9408, 9954, 624, 9792, 4248, 1563, 8742, 9147, 6987, 5373, 7041, 7257, 8131, 1800, 8586, 8685, 4695, 4566, 8038, 3306, 8976, 615, 2010, 1332, 7953, 4758, 3309, 3813, 8511, 8517, 8688, 8995, 8829, 7396, 120, 6648, 4113, 9018, 2997, 9333, 4593, 5376, 1695, 237, 7116, 9747, 9838, 4164, 9214, 1668, 7540, 2274, 4779, 6735, 7699, 1941, 7848, 7243, 405, 3768, 8518, 7134, 7065, 1665, 8076, 7252, 5514, 9987, 9801, 9322, 8608, 1257, 9162, 84, 615, 9769, 519, 1710, 3753, 336, 8814, 4995, 5802, 7276, 8176, 2205, 3054, 1695, 9717, 216, 6909, 4548, 1170, 5337, 8020, 8383, 6009, 6225, 9339, 9208, 1404, 8856, 9526, 4497, 9519, 8020, 8446, 9903, 4482, 9955, 7971, 3003, 7848, 9970, 9793, 9586, 5910, 1686, 9405, 9183, 8892, 9193, 8605, 7254, 8518, 7542, 4113, 348, 5178, 1953, 4485, 8148, 9385, 3846, 5463, 3144, 7321, 300, 4992, 3762, 4704, 8724, 2109, 8962, 7177, 4032, 5424, 4626, 7444, 8119, 3504, 9367, 8035, 9715, 729, 9985, 2907, 9510, 8620, 8556, 2133, 8181, 9760, 3504, 6303, 8623, 192, 8400, 2844, 7486, 2784, 1029, 9226, 1095, 9142, 7455, 7207, 6942, 5508, 3378, 7387, 8518, 9826, 7899, 8151, 4539, 7260, 6471, 7404, 2652, 3921, 8596, 9744, 393, 306, 846, 7354, 1479, 6591, 7029, 9589, 6729, 666, 3738, 5787, 9895, 2931, 1821, 8110, 4428, 7270, 9321, 9595, 6549, 7251, 6951, 8347, 7308, 7680, 789, 6942, 2658, 7701, 3066, 8646, 8824, 5904, 8847, 9552, 9391, 7450, 9936, 9964, 9372, 5712, 969, 8979, 8607, 6510, 7065, 9736, 8847, 8506, 72, 4974, 3018, 3492, 8151, 1164, 9045, 7623, 8562, 5091, 6471, 6933, 6963, 8506, 3609, 1737, 645, 453, 7189, 8607, 7578, 9261, 1671, 4659, 5940, 9333, 9745, 9799, 1425, 3630, 8653, 7273, 1449, 7570, 2853, 2688, 9258, 3510, 8556, 375, 2784, 1677, 2508, 2154, 6516, 6633, 1587, 7890, 7722, 7645, 4320, 4086, 6903, 9432, 6453, 4272, 2823, 7113, 7644, 3768, 1140, 2715, 9468, 9114, 4260, 3066, 936, 5286, 7101, 9853, 7948, 9967, 6102, 4248, 7270, 4224, 3738, 3552, 228, 6963, 831, 2517, 8589, 6768, 9549, 984, 8535, 4374, 8362, 4773, 9273, 8398, 6738, 1896, 7587, 7311, 1326, 6282, 9339, 7545, 9793, 36, 3324, 8932, 8740, 1158, 3879, 7818, 8377, 9657, 7350, 8155, 7461, 3996, 8851, 7035, 2766, 2160, 6003, 2961, 3177, 7254, 5754, 3603, 9979, 9382, 1335, 9624, 315, 9370, 4491, 8685, 6372, 8911, 5664, 5754, 288, 9645, 5607, 483, 9589, 4434, 8913, 9040, 9027, 7996, 570, 9397, 7207, 7443, 4461, 4086, 4173, 5931, 7779, 6495, 8008, 9466, 447, 8476, 7915, 9661, 4851, 7288, 9910, 7555, 9964, 1065, 2631, 9616, 7833, 8673, 8470, 9891, 7182, 5109, 6792, 8259, 2913, 8295, 9324, 7698, 5361, 3516, 2178, 3780, 3465, 27, 8014, 3516, 7665, 8647, 8797, 2091, 9574, 612, 1002, 7428, 4803, 5328, 7638, 2052, 9645, 7735, 1185, 7284, 3591, 7254, 5379, 5535, 9171, 7654, 1848, 5316, 8572, 5577, 4128, 4203, 303, 8410, 9808, 6726, 9078, 7381, 6864, 8200, 5892, 2109, 5601, 7261, 9802, 5259, 9, 7713, 7903, 588, 8646, 6171, 3492, 7497, 1410, 2796, 3057, 7404, 1878, 9963, 8281, 5845, 6051, 3780, 7290, 1044, 5007, 4245, 8736, 237, 9354, 1863, 9555, 7428, 8412, 8610, 8382, 9330, 4101, 9702, 7306, 9498, 2013, 8770, 1680, 3558, 6345, 2814, 6681, 3969, 9679, 5685, 8568, 6963, 2877, 4719, 8019, 9393, 6078, 6057, 4008, 2886, 651, 2853, 4794, 6300, 4794, 8689, 5577, 3630, 6900, 1923, 2451, 4239, 8818, 8043, 5154, 9018, 2691, 1149, 1083, 3516, 5115, 6261, 7299, 9340, 6492, 5589, 4851, 5622, 7267, 9693, 8331, 2667, 7594, 9099, 4200, 4557, 7438, 8299, 2544, 8440, 2466, 8034, 8163, 8947, 465, 7723, 8287, 9286, 7726, 8686, 9270, 8829, 9253, 2802, 7510, 9874, 5814, 7447, 261, 3327, 5991, 2691, 8049, 1215, 450, 4488, 9135, 6870, 8835, 9067, 9145, 9700, 9291, 9205, 4944, 7768, 7167, 8220, 5019, 9030, 2307, 8505, 7974, 6822, 2619, 1647, 4365, 6972, 7911, 804, 7860, 7461, 666, 7369, 9075, 4479, 7543, 6171, 141, 3738, 5526, 9981, 7813, 9583, 8526, 6228, 5553, 1134, 7854, 7486, 2319, 1488, 2058, 1353, 5178, 1761, 9132, 4455, 1770, 5997, 8901, 8662, 8575, 8067, 8224, 2103, 9865, 8209, 321, 5703, 4077, 858, 1302, 9993, 549, 7393, 4905, 729, 6390, 9580, 9682, 5583, 1575, 5601, 9646, 3567, 2037, 8635, 9748, 2619, 4230, 3735, 8361, 1656, 4146, 7726, 7785, 1863, 2022, 8901, 948, 7743, 3840, 5946, 8896, 9010, 8896, 8532, 3561, 5223, 6666, 3783, 6258, 8916, 9990, 5592, 8589, 7167, 459, 9808, 7329, 6903, 2847, 8656, 7617, 2076, 966, 9583, 3966, 8352, 3903, 2517, 9444, 8364, 7762, 7482, 9198, 8653, 9949, 7434, 9471, 1143, 8179, 8358, 4344, 1038, 6402, 7354, 7459, 885, 9157, 2199, 6642, 8892, 3615, 9813, 2910, 8058, 6585, 1338, 7956, 9006, 3282, 4254, 2715, 8119, 771, 9139, 837, 8196, 2277, 6972, 8077, 8814, 8953, 1950, 6930, 300, 1728, 96, 7653, 7672, 2676, 8736, 9619, 9216, 8988, 5199, 8367, 9742, 6888, 9391, 801, 729, 3957, 1770, 4131, 597, 897, 2235, 6288, 9177, 8055, 6051, 5376, 9172, 8661, 9606, 3741, 9006, 8814, 1926, 6561, 6939, 7267, 6468, 8272, 8403, 153, 7216, 9055, 8613, 8047, 7474, 5655, 9706, 7357, 6735, 6993, 9231, 9093, 8341, 2112, 8815, 9442, 7585, 8403, 7920, 7581, 4854, 2871, 3417, 1251, 3279, 8425, 207, 4428, 3591, 9660, 9385, 5352, 7689, 8671, 1554, 5442, 7261, 2913, 7444, 5313, 6531, 8584, 9870, 837, 8127, 9300, 2286, 5193, 5142, 2409, 8908, 9994, 8787, 9385, 1521, 303, 7962, 8160, 8044, 207, 7938, 8986, 8998, 1203, 5130, 3774, 7822, 2130, 1182, 8575, 9072, 8223, 8058, 4416, 6810, 243, 7324, 1719, 8832, 7690, 3096, 3315, 5607, 822, 645, 4896, 1203, 7089, 9919, 8955, 7938, 7294, 9613, 8146, 411, 9774, 9411, 5304, 6540, 9874, 7456, 2124, 2352, 9133, 9972, 9889, 1779, 8983, 8076, 7543, 9231, 7611, 288, 3627, 7717, 6897, 1584, 7716, 429, 3462, 3963, 6924, 5088, 8221, 2055, 7783, 8974, 2688, 9022, 5232, 7537, 4080, 8455, 9190, 7932, 5292, 141, 8032, 8919, 8587, 1908, 6117, 3183, 2709, 6966, 8797, 156, 9313, 3429, 8365, 2343, 2577, 8472, 1848, 369, 8710, 8134, 8221, 6111, 4728, 576, 7192, 9018, 7357, 1377, 9502, 7345, 7204, 8334, 8992, 5781, 7731, 7110, 8262, 7510, 8995, 3237, 6378, 4710, 3642, 9759, 7701, 8656, 5487, 8979, 4371, 852, 2388, 3300, 204, 1881, 7710, 3825, 8179, 9831, 8682, 714, 9559, 3957, 2409, 513, 9133, 9540, 7251, 5070, 6258, 9091, 5415, 1665, 4824, 6390, 3450, 7576, 8809, 8520, 1764, 4425, 9541, 1821, 6459, 6339, 1311, 8598, 8593, 8232, 9736, 9850, 3558, 8055, 7461, 2946, 309, 2091, 5181, 2670, 2379, 465, 5157, 1929, 3825, 9658, 834, 6948, 2568, 7516, 6288, 8694, 8728, 9060, 7744, 7486, 5634, 7929, 1740, 9787, 1125, 9715, 726, 8634, 9340, 7497, 5901, 9307, 3093, 6753, 9907, 6393, 9306, 9048, 8085, 3276, 5559, 7861, 3675, 6606, 3834, 7929, 4953, 198, 2937, 9804, 6930, 9943, 3597, 4662, 9414, 5625, 7198, 9082, 240, 5853, 7941, 273, 9108, 1137, 4425, 894, 9154, 9633, 5178, 9426, 8461, 9576, 8226, 4356, 9382, 3705, 6801, 5136, 7774, 2343, 8341, 3141, 6357, 5049, 9663, 9283, 639, 7867, 7315, 1917, 9850, 8679, 7515, 6108, 4560, 4836, 99, 5181, 8622, 3426, 1011, 9333, 1698, 4695, 9843, 5073, 3375, 1404, 6936, 474, 9634, 4308, 252, 2250, 3069, 4140, 8583, 3960, 3441, 7903, 5829, 8697, 8119, 8833, 5397, 1185, 8796, 9082, 3015, 8982, 9354, 9985, 3765, 5439]
================================================================================================
