D:\kplib\12Circle\n00050\R10000\s072.kp
e - s = 0.030435800552368164
e - s <= 170.0: True
Capacity = 120969
Total value = 8064191
Total weight: 120969
Packed items: [2, 7, 8, 9, 10, 13, 16, 18, 22, 27, 29, 31, 33, 38, 40, 46, 47, 49]
Packed_weights: [9895, 6855, 5988, 9761, 7030, 6337, 8091, 7725, 4170, 6353, 4975, 9423, 5714, 4185, 8502, 4880, 8742, 2343]
================================================================================================
D:\kplib\12Circle\n00100\R10000\s000.kp
e - s = 7.764337062835693
e - s <= 170.0: True
Capacity = 289961
Total value = 19329757
Total weight: 289961
Packed items: [1, 3, 6, 10, 13, 14, 16, 17, 19, 23, 24, 26, 27, 29, 31, 33, 36, 37, 39, 41, 45, 47, 49, 55, 58, 63, 71, 73, 76, 78, 79, 80, 81, 86, 87, 88, 89, 90, 91, 99]
Packed_weights: [7580, 2590, 7838, 9082, 7559, 6184, 9098, 9828, 9022, 6840, 4722, 4342, 6109, 9667, 8654, 8051, 7198, 3989, 6682, 4936, 8705, 5676, 9676, 9329, 7066, 6032, 1868, 6567, 7577, 9234, 8425, 8982, 9231, 8117, 8495, 8951, 5899, 9498, 5797, 4865]
================================================================================================
D:\kplib\12Circle\n00200\R10000\s055.kp
e - s = 180.05604577064514
e - s <= 170.0: False
Capacity = 502415
Total value = 33492638
Total weight: 502415
Packed items: [1, 4, 5, 8, 14, 15, 18, 27, 28, 29, 32, 34, 36, 39, 45, 46, 51, 53, 54, 65, 68, 71, 74, 82, 84, 86, 90, 91, 92, 94, 95, 96, 100, 103, 108, 110, 111, 113, 116, 117, 118, 121, 124, 127, 129, 130, 131, 132, 142, 143, 144, 150, 157, 158, 160, 162, 163, 165, 166, 167, 169, 172, 173, 175, 176, 177, 183, 184, 187, 190, 191, 193]
Packed_weights: [9507, 8413, 7472, 7219, 7191, 4289, 6326, 7470, 1951, 7647, 8295, 9338, 3623, 8423, 6979, 4152, 8909, 8161, 6989, 5592, 2768, 7270, 7050, 9492, 6462, 9396, 6991, 4455, 6472, 9853, 5584, 5952, 4125, 8738, 8078, 9471, 2049, 3626, 4271, 3944, 8682, 7502, 7547, 8198, 8405, 3638, 8591, 9986, 4090, 9165, 7151, 5159, 9638, 5171, 6807, 8215, 6989, 9147, 8661, 9902, 9157, 796, 6766, 5477, 8057, 3965, 8186, 9917, 8172, 9409, 8591, 7285]
================================================================================================
D:\kplib\12Circle\n00500\R10000\s035.kp
e - s = 180.2909553050995
e - s <= 170.0: False
Capacity = 1188432
Total value = 79224793
Total weight: 1188432
Packed items: [3, 4, 5, 8, 9, 18, 21, 25, 28, 32, 33, 37, 42, 43, 44, 45, 50, 51, 56, 57, 59, 61, 63, 67, 68, 82, 84, 86, 88, 90, 95, 100, 101, 102, 103, 105, 106, 107, 110, 113, 115, 118, 119, 120, 130, 132, 140, 141, 143, 145, 155, 156, 158, 160, 161, 164, 165, 168, 176, 177, 178, 180, 181, 188, 198, 202, 211, 214, 215, 216, 217, 218, 220, 223, 225, 226, 229, 230, 233, 235, 238, 239, 241, 244, 245, 251, 253, 254, 255, 256, 257, 262, 266, 267, 268, 271, 273, 278, 279, 282, 285, 290, 295, 296, 297, 299, 301, 302, 303, 305, 306, 309, 310, 311, 315, 319, 322, 323, 324, 326, 329, 332, 336, 339, 342, 344, 346, 349, 351, 354, 358, 363, 365, 367, 369, 372, 373, 375, 379, 380, 382, 383, 387, 388, 390, 392, 397, 400, 401, 411, 412, 416, 418, 420, 422, 424, 427, 428, 431, 436, 437, 440, 441, 443, 445, 448, 450, 458, 462, 466, 468, 470, 471, 473, 474, 475, 476, 478, 483, 489, 492, 493, 495, 498]
Packed_weights: [8651, 2860, 9656, 7549, 9292, 7217, 6751, 1571, 8461, 9095, 5459, 3950, 5034, 7567, 8890, 8301, 8532, 4422, 7859, 8135, 6653, 9492, 1289, 4660, 8290, 9001, 7767, 5631, 4597, 7981, 6965, 4556, 2432, 8235, 3050, 9990, 4122, 4642, 8097, 7987, 983, 7817, 6763, 9628, 7592, 4413, 4199, 5717, 7956, 3656, 8474, 8425, 3478, 7434, 1387, 7472, 4589, 896, 8316, 3493, 7544, 1197, 7775, 9947, 4728, 8676, 9285, 8111, 2851, 5545, 5236, 4954, 6852, 9696, 8587, 9501, 9083, 8688, 8633, 1883, 4523, 1378, 9849, 2943, 9956, 9093, 5762, 7695, 6171, 9583, 9874, 3659, 1957, 2495, 7861, 5884, 7834, 6575, 5343, 3686, 4886, 3944, 7883, 6014, 7909, 6020, 8655, 5064, 8212, 6481, 5874, 8108, 5492, 9313, 2765, 6136, 5328, 8394, 6656, 7715, 7580, 8129, 1592, 8603, 6946, 8191, 6068, 9991, 2661, 7273, 6602, 8373, 8604, 4081, 9837, 9721, 8710, 9908, 5084, 2171, 6038, 9246, 7021, 5548, 6854, 6320, 7448, 6355, 5536, 5447, 9857, 7292, 6706, 5569, 5239, 3965, 1883, 4425, 7494, 7191, 7496, 9905, 7463, 5967, 8860, 9184, 8547, 4942, 9335, 5964, 6991, 2453, 2545, 5078, 9672, 9112, 6842, 2881, 3080, 3184, 3692, 9695, 9007, 1859]
================================================================================================
D:\kplib\12Circle\n01000\R10000\s053.kp
e - s = 180.0183253288269
e - s <= 170.0: False
Capacity = 2484840
Total value = 165647615
Total weight: 2484840
Packed items: [0, 2, 4, 5, 6, 10, 11, 12, 14, 15, 17, 20, 21, 30, 35, 38, 42, 45, 46, 47, 48, 51, 53, 54, 55, 58, 67, 68, 69, 73, 74, 76, 77, 81, 86, 92, 94, 95, 98, 100, 101, 106, 107, 108, 111, 112, 114, 115, 120, 125, 128, 129, 134, 138, 139, 141, 142, 144, 145, 153, 162, 163, 164, 165, 168, 169, 173, 177, 180, 182, 183, 186, 189, 193, 197, 198, 202, 209, 210, 220, 224, 225, 231, 232, 233, 235, 236, 237, 241, 247, 248, 249, 250, 251, 252, 254, 258, 261, 267, 268, 270, 272, 273, 275, 278, 280, 281, 282, 286, 287, 288, 289, 290, 291, 292, 293, 295, 298, 301, 302, 304, 305, 306, 312, 313, 318, 322, 325, 327, 329, 330, 338, 340, 343, 344, 345, 346, 347, 348, 354, 358, 361, 363, 367, 368, 369, 372, 376, 378, 380, 381, 386, 392, 402, 404, 405, 406, 408, 410, 412, 414, 415, 418, 421, 428, 429, 430, 431, 432, 434, 436, 439, 443, 446, 448, 452, 456, 459, 460, 464, 467, 469, 471, 474, 478, 479, 482, 487, 489, 490, 492, 493, 495, 496, 502, 503, 505, 506, 510, 511, 515, 516, 524, 526, 527, 530, 532, 533, 536, 537, 542, 545, 547, 548, 552, 554, 557, 560, 562, 563, 566, 571, 572, 574, 575, 578, 579, 580, 581, 585, 592, 596, 597, 599, 600, 605, 607, 610, 611, 612, 614, 616, 620, 621, 622, 628, 629, 633, 636, 641, 643, 646, 647, 648, 649, 651, 652, 654, 655, 656, 659, 661, 663, 664, 666, 668, 669, 674, 676, 677, 681, 682, 685, 690, 693, 696, 698, 705, 712, 714, 718, 719, 723, 724, 732, 736, 737, 738, 743, 745, 750, 755, 756, 762, 763, 764, 768, 769, 773, 774, 775, 788, 789, 790, 794, 797, 798, 800, 804, 805, 807, 811, 818, 822, 825, 826, 827, 829, 834, 836, 838, 839, 841, 842, 844, 846, 857, 858, 859, 862, 864, 865, 866, 869, 876, 877, 883, 892, 893, 897, 899, 903, 904, 908, 909, 910, 911, 912, 915, 917, 919, 921, 922, 924, 929, 930, 932, 936, 937, 938, 939, 940, 941, 942, 944, 948, 950, 953, 955, 962, 968, 979, 985, 994, 996, 997, 998, 999]
Packed_weights: [6172, 4565, 9370, 5206, 7339, 1693, 9970, 7469, 7425, 1693, 4410, 5076, 6471, 4395, 8250, 9578, 6724, 4782, 3965, 3279, 2349, 9218, 5352, 6409, 6575, 9364, 6516, 2290, 4606, 9080, 6240, 2290, 8367, 9501, 2456, 6937, 6162, 9573, 5958, 8132, 9102, 8497, 7534, 4315, 6614, 6397, 2180, 8040, 6026, 5773, 9830, 5212, 4752, 7782, 6659, 7782, 9857, 9186, 2168, 4764, 6356, 4532, 8168, 7493, 5806, 5991, 6923, 3237, 8708, 4021, 6389, 9886, 3632, 7586, 8271, 3864, 3029, 2756, 8116, 5091, 1182, 3727, 6819, 3243, 9332, 3591, 9794, 9694, 4051, 8473, 3772, 9793, 8989, 9105, 5286, 1378, 9240, 8919, 6112, 9139, 2563, 8375, 7635, 5865, 9726, 8055, 1687, 7350, 9384, 5108, 9044, 6747, 8601, 5616, 8842, 6751, 4066, 4779, 5477, 8271, 4404, 5450, 6074, 1378, 6109, 9335, 7059, 4696, 9620, 8967, 5958, 4945, 3279, 5165, 5981, 4520, 9064, 5233, 6846, 8212, 7914, 9619, 6667, 7012, 6115, 9249, 9777, 9919, 5473, 9071, 9201, 9144, 8239, 674, 7012, 6923, 5587, 8254, 8105, 9380, 8606, 9661, 2652, 5444, 9943, 787, 6178, 9578, 8268, 7145, 5123, 5388, 8299, 9672, 3772, 2085, 4859, 8951, 9019, 4419, 8836, 9898, 8931, 5483, 8771, 9483, 7990, 6222, 7214, 9721, 5200, 2777, 9462, 7318, 3825, 2168, 7665, 1428, 9058, 9583, 9546, 6059, 6952, 8764, 5720, 9100, 8224, 3478, 9775, 2456, 5198, 8541, 3457, 6493, 7202, 5165, 7897, 9513, 3754, 8033, 7439, 9792, 9109, 8034, 8039, 8247, 7764, 4639, 9471, 7841, 4479, 9049, 8963, 4220, 9738, 9293, 8788, 398, 5770, 9664, 5809, 8114, 5088, 8746, 6759, 6130, 9076, 7953, 5432, 4223, 7075, 8428, 5860, 5779, 6029, 5960, 5183, 4847, 4482, 5952, 499, 6154, 7380, 7986, 6686, 9121, 7752, 4087, 799, 5263, 5509, 9399, 8681, 6891, 9626, 9581, 3941, 1693, 3139, 6793, 9102, 8646, 9735, 8989, 8817, 6457, 5046, 7862, 3962, 9414, 8416, 8209, 2768, 8976, 6088, 7107, 3237, 8925, 9494, 4755, 8708, 7455, 2875, 7876, 9005, 8488, 7363, 8339, 5940, 6554, 3576, 9311, 8799, 4808, 7146, 6516, 5495, 8893, 6371, 9980, 9474, 3727, 8695, 5013, 4229, 6519, 8610, 7713, 3677, 5251, 5788, 8295, 4407, 9566, 2165, 3071, 7713, 8857, 6774, 6174, 9346, 4657, 3133, 6605, 6891, 5328, 5408, 2572, 7586, 6302, 2367, 4185, 9065, 9531, 7728, 9524, 2842, 3228, 8622, 4654, 5955, 2480, 9055, 4791, 3659, 8176, 2961, 8203, 8593, 4354, 6902, 4895, 6154, 8440, 3552, 9605, 1696, 6980]
================================================================================================
D:\kplib\12Circle\n02000\R10000\s007.kp
e - s = 179.9865939617157
e - s <= 170.0: False
Capacity = 4864617
Total value = 324291400
Total weight: 4864617
Packed items: [2, 13, 16, 17, 20, 27, 31, 34, 36, 38, 40, 42, 47, 48, 52, 57, 60, 62, 67, 71, 72, 73, 74, 76, 80, 83, 85, 90, 93, 96, 97, 98, 103, 104, 109, 110, 111, 114, 116, 118, 126, 135, 143, 144, 148, 150, 153, 154, 156, 159, 160, 161, 167, 168, 170, 172, 173, 175, 177, 181, 183, 184, 185, 186, 187, 188, 189, 191, 195, 196, 202, 204, 207, 208, 210, 211, 213, 218, 219, 221, 222, 223, 228, 230, 231, 232, 234, 239, 241, 247, 249, 251, 252, 257, 260, 265, 273, 287, 288, 289, 291, 293, 297, 298, 304, 305, 308, 310, 311, 315, 324, 325, 327, 329, 333, 336, 337, 339, 340, 341, 349, 353, 355, 356, 357, 359, 360, 363, 370, 372, 373, 380, 382, 386, 389, 390, 391, 394, 405, 407, 411, 416, 417, 425, 437, 439, 440, 441, 444, 447, 452, 453, 459, 470, 471, 472, 473, 476, 479, 480, 482, 486, 492, 493, 500, 502, 505, 506, 514, 515, 516, 521, 525, 527, 530, 532, 533, 534, 537, 538, 542, 549, 552, 553, 554, 555, 557, 558, 559, 566, 567, 569, 575, 577, 580, 582, 585, 586, 587, 589, 590, 594, 596, 598, 599, 602, 607, 609, 615, 616, 618, 619, 621, 622, 623, 626, 627, 628, 629, 634, 636, 638, 641, 642, 644, 645, 647, 648, 650, 654, 656, 658, 660, 663, 665, 666, 667, 668, 671, 674, 678, 682, 684, 687, 688, 689, 690, 692, 693, 696, 697, 703, 704, 705, 706, 708, 717, 720, 721, 723, 725, 730, 731, 733, 734, 737, 738, 741, 742, 744, 750, 752, 754, 756, 759, 762, 765, 770, 772, 779, 784, 786, 789, 791, 796, 802, 804, 806, 809, 810, 814, 815, 816, 817, 818, 822, 823, 826, 827, 829, 834, 835, 836, 841, 842, 843, 845, 848, 849, 850, 853, 855, 857, 860, 862, 867, 872, 881, 882, 886, 890, 892, 895, 904, 905, 906, 911, 912, 914, 915, 921, 922, 923, 928, 929, 931, 932, 937, 941, 942, 943, 946, 948, 949, 950, 953, 957, 958, 959, 966, 971, 975, 977, 980, 982, 987, 990, 992, 994, 998, 1000, 1002, 1003, 1004, 1005, 1007, 1009, 1016, 1018, 1019, 1023, 1026, 1031, 1033, 1035, 1038, 1043, 1048, 1050, 1051, 1053, 1056, 1067, 1081, 1084, 1089, 1091, 1092, 1093, 1095, 1100, 1103, 1107, 1108, 1116, 1118, 1120, 1127, 1130, 1134, 1138, 1139, 1140, 1146, 1147, 1149, 1150, 1156, 1157, 1160, 1163, 1165, 1166, 1167, 1168, 1170, 1173, 1179, 1183, 1190, 1191, 1194, 1195, 1197, 1199, 1200, 1201, 1203, 1209, 1214, 1217, 1221, 1224, 1226, 1227, 1231, 1233, 1234, 1243, 1245, 1246, 1247, 1250, 1251, 1253, 1256, 1257, 1261, 1263, 1274, 1280, 1283, 1285, 1287, 1290, 1293, 1295, 1301, 1311, 1315, 1316, 1318, 1321, 1328, 1331, 1333, 1334, 1335, 1342, 1347, 1356, 1360, 1362, 1363, 1366, 1367, 1369, 1374, 1378, 1379, 1382, 1385, 1391, 1392, 1394, 1399, 1400, 1401, 1404, 1407, 1408, 1411, 1412, 1414, 1416, 1419, 1420, 1421, 1424, 1432, 1433, 1437, 1439, 1441, 1442, 1444, 1445, 1448, 1449, 1452, 1455, 1456, 1461, 1464, 1467, 1470, 1471, 1479, 1480, 1490, 1493, 1500, 1502, 1503, 1505, 1509, 1511, 1512, 1514, 1518, 1519, 1526, 1528, 1533, 1534, 1535, 1539, 1541, 1544, 1550, 1552, 1553, 1554, 1555, 1557, 1558, 1559, 1560, 1562, 1564, 1568, 1569, 1570, 1571, 1572, 1574, 1575, 1580, 1583, 1588, 1595, 1596, 1605, 1606, 1607, 1610, 1612, 1616, 1618, 1620, 1621, 1622, 1625, 1626, 1629, 1630, 1633, 1635, 1639, 1641, 1643, 1648, 1650, 1651, 1652, 1656, 1657, 1659, 1660, 1661, 1663, 1664, 1667, 1670, 1674, 1677, 1679, 1681, 1682, 1684, 1687, 1688, 1691, 1693, 1697, 1698, 1700, 1703, 1705, 1706, 1709, 1710, 1714, 1718, 1722, 1724, 1728, 1730, 1732, 1735, 1736, 1738, 1742, 1744, 1745, 1752, 1753, 1754, 1756, 1758, 1759, 1761, 1762, 1766, 1767, 1769, 1770, 1776, 1777, 1778, 1780, 1783, 1786, 1787, 1788, 1789, 1791, 1793, 1796, 1798, 1800, 1802, 1807, 1811, 1813, 1814, 1815, 1817, 1819, 1820, 1827, 1828, 1832, 1834, 1836, 1837, 1839, 1841, 1842, 1845, 1846, 1849, 1850, 1851, 1856, 1858, 1865, 1866, 1868, 1869, 1870, 1871, 1876, 1878, 1881, 1883, 1884, 1885, 1890, 1893, 1894, 1895, 1898, 1899, 1907, 1910, 1913, 1915, 1919, 1921, 1939, 1940, 1941, 1942, 1944, 1948, 1952, 1954, 1956, 1957, 1958, 1961, 1962, 1963, 1965, 1968, 1969, 1973, 1977, 1979, 1980, 1981, 1992, 1993, 1994, 1996, 1997, 1998]
Packed_weights: [6510, 8269, 6275, 9478, 9763, 8162, 3724, 597, 6804, 3142, 4532, 7944, 8752, 7295, 4182, 6683, 8755, 6953, 9447, 7015, 6472, 9931, 8220, 3858, 1681, 7683, 2477, 5495, 8640, 3588, 8842, 9578, 4850, 5892, 5664, 9531, 6905, 6763, 8996, 8746, 2088, 8744, 9932, 4660, 3427, 8289, 9510, 5283, 5432, 9786, 8634, 6962, 7791, 3297, 8116, 8527, 8061, 7399, 5177, 2795, 6926, 9566, 4473, 9371, 9881, 9551, 3647, 2269, 9004, 8405, 9098, 7502, 7892, 3326, 9717, 3959, 9468, 9049, 8066, 8266, 9804, 6573, 9709, 5266, 9337, 4339, 8262, 5865, 4191, 9043, 9178, 5319, 5236, 7992, 7252, 7843, 7600, 2596, 5596, 9433, 1372, 4422, 6695, 7840, 8829, 9676, 3983, 9899, 8325, 3392, 6240, 5123, 9851, 9717, 7790, 4223, 9115, 2587, 1494, 9192, 9384, 8563, 8628, 4538, 3392, 9267, 2679, 2385, 7595, 5001, 1779, 1895, 9347, 4951, 5067, 6878, 9825, 7068, 8413, 6706, 4595, 9727, 5471, 5028, 5292, 6576, 7160, 8791, 9848, 6433, 7339, 8123, 8265, 5586, 6278, 6263, 6807, 7977, 5352, 6593, 7368, 7294, 4791, 6837, 7433, 5678, 2688, 6721, 8937, 1993, 9782, 9682, 9456, 5815, 9528, 8203, 5088, 8869, 8978, 4862, 4508, 7508, 9264, 7131, 9016, 2899, 3929, 9988, 5892, 2857, 9356, 2658, 8120, 9135, 7196, 7324, 6445, 2863, 490, 1274, 4722, 9763, 6560, 5574, 3944, 2079, 9965, 1396, 2584, 5697, 7497, 4128, 5242, 3769, 3383, 9677, 1259, 5034, 6297, 3998, 9540, 8729, 7096, 8957, 5872, 2, 9269, 8256, 9723, 5224, 9415, 6474, 4574, 7823, 9200, 6456, 3038, 1280, 6986, 5245, 6011, 9590, 8838, 2471, 9607, 7047, 3074, 4984, 6745, 6674, 9252, 1981, 7971, 7392, 5049, 9699, 1874, 6653, 9488, 3935, 9742, 8982, 8836, 9976, 9316, 9359, 7464, 3787, 3739, 1693, 9643, 3567, 8221, 493, 9196, 8970, 8119, 9201, 7473, 7167, 9165, 9433, 4752, 9540, 9281, 6073, 3196, 7823, 7529, 2474, 3258, 9803, 8835, 9879, 2649, 7098, 4470, 6204, 6742, 8470, 5669, 3730, 7381, 8842, 5783, 3264, 9925, 8085, 6534, 9910, 8192, 9144, 2937, 9730, 9302, 7778, 2177, 3273, 6784, 7953, 3953, 6392, 6955, 8643, 9967, 3638, 9017, 4238, 4063, 8829, 9098, 891, 6222, 5212, 9255, 4906, 8049, 9756, 3879, 9043, 6204, 7859, 4045, 8464, 8292, 3998, 2471, 7249, 8973, 5996, 5827, 4384, 6189, 7636, 4583, 4306, 5102, 6365, 7335, 5040, 9509, 8571, 9962, 7321, 8150, 9818, 9567, 7562, 8966, 2750, 9200, 5061, 9365, 8955, 7849, 6364, 8826, 7977, 9905, 5774, 7647, 7436, 1494, 5836, 6240, 1494, 6383, 8713, 7822, 2643, 6457, 7336, 5316, 4060, 1996, 5070, 8134, 7154, 7452, 2260, 3356, 7497, 6952, 7885, 5233, 6421, 9652, 7439, 9447, 8802, 9076, 6929, 6653, 9791, 4695, 6977, 7247, 9108, 9290, 6971, 7368, 3635, 8176, 8913, 8678, 9145, 9444, 2058, 8251, 7574, 4238, 7158, 9640, 8514, 6183, 7731, 7047, 5379, 9779, 4909, 4915, 7968, 3472, 8319, 9439, 6995, 4984, 7880, 7870, 9013, 5316, 6463, 3267, 8432, 1696, 5792, 4621, 8437, 7288, 3843, 9839, 7333, 6380, 6935, 4633, 6038, 4048, 7410, 7223, 6796, 6297, 6216, 6753, 9302, 7782, 3888, 9747, 9406, 5411, 7173, 8290, 9480, 9845, 3555, 2744, 6983, 3522, 2652, 9400, 8015, 3920, 7767, 8096, 4692, 2260, 6388, 8188, 8162, 5483, 4262, 1859, 2450, 4796, 6374, 6593, 9288, 8545, 9059, 7841, 6332, 9518, 6560, 7764, 9041, 8912, 6685, 8940, 8827, 5551, 5396, 8408, 9607, 6371, 6362, 6097, 9818, 4847, 8976, 7182, 3662, 4746, 8268, 8278, 9750, 6546, 7920, 5865, 7843, 8857, 9215, 6581, 7891, 9099, 6118, 6269, 6965, 5964, 6810, 6671, 7627, 7746, 9141, 6558, 3689, 8227, 5622, 2581, 6418, 5676, 9187, 4755, 4125, 9664, 882, 8696, 7194, 7336, 7136, 7298, 6287, 7093, 4606, 9644, 7173, 6507, 8174, 7295, 8610, 5750, 6769, 7974, 3858, 9450, 7847, 5669, 7033, 8275, 6059, 9775, 8313, 3086, 4286, 6849, 8075, 4226, 8875, 8333, 8673, 5720, 8512, 9138, 3469, 7974, 7502, 6777, 4654, 2548, 4598, 8066, 7722, 8970, 8851, 1892, 3629, 1491, 9972, 7874, 5973, 5195, 9905, 8661, 5672, 9465, 8189, 9635, 5574, 8707, 4583, 9100, 5981, 3974, 9593, 2572, 6698, 3932, 1598, 9658, 9028, 9046, 8373, 7864, 9855, 7550, 9394, 6769, 2988, 7579, 3240, 4814, 2385, 6777, 7173, 9340, 4473, 9288, 8423, 6284, 3398, 4776, 6282, 8708, 2664, 8396, 1678, 3181, 9032, 9787, 8951, 6683, 2863, 2578, 9911, 9981, 9251, 7265, 9787, 5266, 1859, 9120, 2183, 5714, 1381, 793, 6086, 2061, 7078, 8116, 5830, 7217, 3353, 8420, 8646, 9103, 4767, 5949, 4458, 7146, 8655, 7514, 8729, 5994, 5765, 5230, 7027, 8696, 4936, 4057, 5919, 1473, 5729, 7466, 9376, 3888, 4205, 5257, 7770, 3386, 9813, 8477, 5174, 9579, 9344, 9697, 7766, 9370, 8093, 8844, 8847]
================================================================================================
D:\kplib\12Circle\n05000\R10000\s031.kp
e - s = 179.9447376728058
e - s <= 170.0: False
Capacity = 12514519
Total value = 834259070
Total weight: 12514519
Packed items: [2, 4, 7, 9, 15, 18, 19, 23, 27, 29, 33, 35, 36, 39, 42, 43, 46, 47, 48, 50, 51, 57, 62, 65, 68, 69, 76, 77, 78, 80, 82, 85, 93, 95, 97, 99, 100, 107, 113, 116, 118, 124, 127, 128, 130, 131, 133, 139, 147, 148, 154, 158, 159, 160, 165, 166, 167, 168, 177, 179, 180, 182, 191, 193, 195, 196, 203, 205, 210, 211, 213, 215, 220, 221, 226, 229, 230, 231, 233, 238, 239, 243, 244, 249, 251, 252, 253, 261, 267, 268, 269, 271, 272, 279, 283, 287, 288, 291, 296, 297, 298, 300, 303, 304, 306, 308, 312, 313, 314, 317, 318, 319, 321, 328, 329, 331, 338, 341, 342, 344, 347, 348, 352, 353, 354, 358, 361, 369, 370, 372, 373, 374, 375, 377, 378, 379, 380, 386, 387, 390, 397, 403, 404, 406, 408, 409, 411, 412, 413, 414, 420, 421, 422, 423, 427, 428, 433, 436, 437, 440, 443, 444, 451, 452, 456, 459, 460, 462, 463, 465, 466, 467, 469, 471, 472, 473, 474, 479, 484, 487, 489, 492, 493, 495, 497, 498, 499, 500, 501, 503, 504, 507, 510, 511, 512, 513, 516, 519, 520, 528, 529, 530, 535, 537, 538, 540, 542, 543, 544, 548, 550, 552, 554, 555, 556, 557, 558, 561, 562, 566, 570, 571, 574, 578, 579, 582, 583, 588, 589, 596, 598, 603, 617, 619, 620, 626, 632, 634, 635, 638, 644, 646, 647, 652, 655, 659, 660, 662, 666, 667, 668, 671, 673, 679, 680, 682, 683, 686, 696, 698, 702, 704, 705, 707, 709, 710, 715, 722, 725, 727, 728, 730, 731, 734, 735, 738, 739, 740, 742, 743, 746, 747, 749, 750, 753, 756, 759, 760, 767, 776, 777, 780, 781, 782, 783, 786, 787, 790, 793, 805, 806, 811, 812, 813, 815, 816, 820, 825, 829, 832, 837, 839, 841, 844, 849, 852, 854, 855, 856, 858, 861, 863, 869, 874, 876, 879, 881, 884, 887, 888, 890, 893, 894, 897, 899, 901, 904, 906, 907, 913, 915, 918, 920, 923, 926, 927, 928, 929, 931, 932, 934, 935, 937, 942, 943, 944, 946, 948, 949, 950, 951, 956, 959, 966, 968, 969, 970, 981, 983, 988, 989, 991, 1001, 1002, 1003, 1004, 1005, 1007, 1008, 1010, 1011, 1012, 1013, 1017, 1020, 1023, 1024, 1030, 1033, 1037, 1038, 1039, 1041, 1044, 1046, 1047, 1048, 1049, 1050, 1052, 1054, 1055, 1057, 1060, 1061, 1062, 1064, 1071, 1072, 1073, 1075, 1076, 1084, 1085, 1090, 1091, 1093, 1097, 1098, 1101, 1102, 1108, 1110, 1116, 1122, 1128, 1130, 1133, 1135, 1137, 1138, 1139, 1140, 1147, 1151, 1152, 1155, 1156, 1157, 1160, 1163, 1166, 1168, 1170, 1171, 1174, 1176, 1183, 1191, 1192, 1201, 1204, 1206, 1207, 1209, 1215, 1216, 1218, 1231, 1233, 1236, 1237, 1238, 1244, 1245, 1246, 1247, 1248, 1252, 1254, 1255, 1257, 1258, 1264, 1266, 1270, 1273, 1276, 1284, 1286, 1287, 1289, 1291, 1296, 1297, 1299, 1301, 1302, 1303, 1304, 1305, 1306, 1308, 1310, 1312, 1314, 1315, 1316, 1317, 1319, 1320, 1323, 1324, 1325, 1326, 1327, 1328, 1330, 1331, 1332, 1336, 1339, 1341, 1343, 1345, 1348, 1350, 1351, 1355, 1358, 1359, 1360, 1361, 1362, 1366, 1367, 1369, 1370, 1374, 1376, 1377, 1378, 1384, 1385, 1386, 1388, 1389, 1390, 1392, 1394, 1396, 1398, 1399, 1401, 1402, 1406, 1407, 1408, 1409, 1413, 1414, 1415, 1428, 1433, 1436, 1438, 1439, 1442, 1443, 1444, 1451, 1458, 1460, 1464, 1467, 1472, 1473, 1475, 1476, 1477, 1481, 1482, 1484, 1485, 1492, 1495, 1496, 1500, 1504, 1506, 1508, 1509, 1510, 1513, 1515, 1516, 1518, 1521, 1522, 1525, 1528, 1530, 1536, 1541, 1548, 1553, 1555, 1559, 1561, 1562, 1564, 1566, 1568, 1569, 1570, 1571, 1572, 1573, 1579, 1581, 1582, 1583, 1584, 1585, 1586, 1588, 1590, 1595, 1596, 1599, 1601, 1604, 1605, 1606, 1610, 1613, 1615, 1621, 1622, 1624, 1625, 1630, 1632, 1635, 1636, 1637, 1640, 1641, 1646, 1648, 1650, 1653, 1656, 1658, 1661, 1662, 1663, 1665, 1667, 1673, 1674, 1675, 1677, 1678, 1682, 1683, 1684, 1687, 1690, 1692, 1698, 1701, 1703, 1709, 1711, 1712, 1713, 1716, 1718, 1719, 1721, 1723, 1725, 1728, 1729, 1733, 1738, 1742, 1746, 1751, 1754, 1756, 1758, 1760, 1765, 1767, 1771, 1778, 1781, 1782, 1783, 1785, 1786, 1787, 1788, 1794, 1798, 1801, 1803, 1805, 1806, 1814, 1817, 1823, 1824, 1830, 1833, 1834, 1839, 1843, 1845, 1846, 1849, 1851, 1854, 1863, 1869, 1871, 1878, 1879, 1881, 1882, 1885, 1886, 1889, 1897, 1898, 1900, 1901, 1903, 1904, 1906, 1907, 1909, 1915, 1921, 1924, 1930, 1937, 1939, 1941, 1942, 1944, 1947, 1952, 1954, 1955, 1956, 1958, 1959, 1961, 1962, 1963, 1968, 1971, 1973, 1974, 1975, 1977, 1978, 1979, 1980, 1981, 1982, 1986, 1989, 1992, 1993, 1999, 2000, 2001, 2002, 2004, 2005, 2006, 2007, 2008, 2009, 2011, 2012, 2016, 2019, 2020, 2021, 2027, 2030, 2031, 2033, 2037, 2040, 2041, 2045, 2046, 2050, 2054, 2057, 2059, 2061, 2062, 2066, 2069, 2070, 2071, 2072, 2074, 2075, 2076, 2080, 2084, 2085, 2086, 2087, 2090, 2093, 2096, 2097, 2098, 2099, 2106, 2107, 2111, 2115, 2116, 2122, 2124, 2125, 2126, 2129, 2130, 2132, 2136, 2138, 2141, 2143, 2149, 2150, 2152, 2153, 2154, 2158, 2165, 2166, 2169, 2172, 2173, 2175, 2176, 2177, 2180, 2193, 2194, 2199, 2201, 2206, 2207, 2212, 2213, 2214, 2215, 2216, 2219, 2220, 2223, 2225, 2226, 2230, 2234, 2235, 2237, 2240, 2244, 2246, 2247, 2248, 2249, 2250, 2254, 2257, 2259, 2260, 2261, 2268, 2269, 2271, 2279, 2280, 2282, 2283, 2285, 2288, 2289, 2291, 2293, 2304, 2306, 2309, 2312, 2316, 2317, 2318, 2323, 2324, 2325, 2326, 2327, 2329, 2331, 2333, 2335, 2336, 2337, 2338, 2342, 2343, 2346, 2347, 2350, 2352, 2354, 2358, 2363, 2364, 2365, 2370, 2375, 2381, 2382, 2383, 2384, 2385, 2387, 2388, 2390, 2394, 2396, 2398, 2401, 2402, 2405, 2412, 2413, 2415, 2419, 2423, 2427, 2429, 2432, 2434, 2435, 2438, 2440, 2442, 2444, 2446, 2449, 2450, 2453, 2454, 2455, 2457, 2459, 2461, 2464, 2465, 2466, 2467, 2468, 2471, 2472, 2478, 2479, 2481, 2486, 2489, 2491, 2494, 2495, 2498, 2503, 2506, 2511, 2516, 2517, 2518, 2519, 2526, 2528, 2533, 2534, 2535, 2537, 2539, 2540, 2542, 2543, 2546, 2552, 2557, 2559, 2560, 2565, 2566, 2567, 2570, 2571, 2575, 2576, 2577, 2585, 2586, 2588, 2589, 2590, 2591, 2592, 2593, 2598, 2599, 2601, 2602, 2608, 2611, 2616, 2618, 2619, 2622, 2623, 2633, 2636, 2640, 2641, 2643, 2644, 2648, 2649, 2655, 2658, 2668, 2670, 2671, 2677, 2678, 2680, 2682, 2685, 2686, 2689, 2691, 2693, 2694, 2696, 2700, 2704, 2708, 2711, 2713, 2717, 2719, 2720, 2722, 2724, 2727, 2728, 2734, 2744, 2745, 2746, 2747, 2749, 2751, 2752, 2755, 2757, 2758, 2759, 2762, 2763, 2765, 2767, 2768, 2770, 2774, 2776, 2778, 2780, 2781, 2782, 2787, 2788, 2790, 2791, 2792, 2794, 2800, 2802, 2803, 2811, 2812, 2813, 2820, 2821, 2823, 2833, 2838, 2842, 2847, 2850, 2852, 2854, 2859, 2860, 2861, 2862, 2865, 2866, 2868, 2869, 2873, 2875, 2876, 2878, 2881, 2882, 2885, 2888, 2891, 2893, 2897, 2899, 2904, 2905, 2908, 2909, 2910, 2912, 2914, 2924, 2928, 2932, 2934, 2935, 2939, 2942, 2945, 2948, 2949, 2951, 2954, 2955, 2957, 2960, 2964, 2965, 2966, 2967, 2968, 2977, 2979, 2980, 2986, 2988, 2992, 2993, 2995, 2997, 3001, 3003, 3006, 3025, 3029, 3030, 3034, 3037, 3039, 3046, 3048, 3052, 3056, 3057, 3058, 3059, 3062, 3066, 3068, 3069, 3070, 3076, 3077, 3083, 3088, 3093, 3095, 3096, 3097, 3100, 3101, 3102, 3104, 3105, 3106, 3109, 3111, 3112, 3113, 3115, 3118, 3120, 3128, 3134, 3135, 3140, 3141, 3144, 3146, 3147, 3152, 3153, 3162, 3164, 3170, 3173, 3174, 3175, 3177, 3178, 3182, 3185, 3188, 3190, 3191, 3194, 3200, 3201, 3203, 3204, 3206, 3207, 3209, 3211, 3217, 3222, 3227, 3234, 3235, 3237, 3239, 3240, 3241, 3245, 3261, 3262, 3265, 3269, 3271, 3273, 3276, 3277, 3284, 3285, 3298, 3299, 3301, 3305, 3308, 3313, 3315, 3316, 3318, 3322, 3323, 3325, 3326, 3327, 3328, 3336, 3341, 3342, 3343, 3345, 3346, 3347, 3348, 3349, 3350, 3354, 3356, 3358, 3367, 3370, 3373, 3375, 3376, 3378, 3379, 3384, 3386, 3387, 3391, 3394, 3396, 3397, 3398, 3410, 3413, 3415, 3418, 3423, 3424, 3426, 3427, 3429, 3431, 3433, 3434, 3437, 3445, 3447, 3449, 3450, 3453, 3455, 3459, 3461, 3462, 3469, 3474, 3475, 3477, 3478, 3484, 3485, 3488, 3490, 3491, 3492, 3499, 3501, 3504, 3505, 3507, 3511, 3512, 3513, 3514, 3515, 3517, 3521, 3522, 3525, 3530, 3531, 3532, 3539, 3540, 3545, 3548, 3550, 3553, 3555, 3557, 3558, 3566, 3567, 3569, 3571, 3574, 3590, 3599, 3607, 3610, 3612, 3614, 3619, 3620, 3622, 3624, 3627, 3632, 3637, 3639, 3640, 3641, 3642, 3644, 3647, 3654, 3655, 3656, 3658, 3660, 3661, 3665, 3669, 3671, 3676, 3677, 3683, 3685, 3689, 3692, 3695, 3699, 3709, 3711, 3716, 3717, 3720, 3729, 3734, 3739, 3740, 3741, 3742, 3745, 3746, 3753, 3757, 3761, 3763, 3764, 3772, 3773, 3774, 3778, 3781, 3789, 3792, 3794, 3799, 3804, 3809, 3812, 3813, 3818, 3819, 3820, 3821, 3833, 3834, 3835, 3837, 3840, 3846, 3854, 3857, 3868, 3870, 3871, 3873, 3875, 3876, 3879, 3885, 3891, 3893, 3895, 3897, 3899, 3907, 3911, 3913, 3917, 3921, 3922, 3924, 3926, 3928, 3930, 3931, 3936, 3937, 3941, 3942, 3945, 3947, 3950, 3952, 3957, 3959, 3961, 3967, 3968, 3972, 3974, 3979, 3981, 3983, 3991, 3995, 3998, 3999, 4000, 4006, 4007, 4008, 4011, 4015, 4017, 4018, 4021, 4023, 4025, 4029, 4031, 4032, 4033, 4036, 4038, 4046, 4049, 4051, 4059, 4062, 4063, 4064, 4072, 4074, 4077, 4078, 4079, 4080, 4086, 4088, 4089, 4090, 4093, 4096, 4097, 4098, 4099, 4100, 4104, 4105, 4107, 4108, 4109, 4114, 4115, 4117, 4118, 4119, 4121, 4125, 4130, 4132, 4133, 4137, 4139, 4140, 4141, 4143, 4145, 4147, 4148, 4151, 4152, 4155, 4156, 4160, 4162, 4164, 4170, 4174, 4177, 4179, 4180, 4183, 4186, 4188, 4190, 4195, 4198, 4202, 4208, 4210, 4211, 4212, 4215, 4216, 4219, 4231, 4233, 4235, 4239, 4242, 4244, 4246, 4248, 4250, 4252, 4257, 4259, 4261, 4262, 4267, 4268, 4270, 4274, 4279, 4280, 4283, 4284, 4286, 4287, 4288, 4295, 4296, 4297, 4303, 4305, 4307, 4308, 4311, 4314, 4316, 4317, 4321, 4324, 4325, 4327, 4328, 4329, 4333, 4334, 4338, 4339, 4342, 4345, 4346, 4348, 4349, 4354, 4355, 4357, 4359, 4362, 4363, 4364, 4366, 4375, 4376, 4377, 4379, 4383, 4384, 4393, 4394, 4395, 4399, 4404, 4411, 4412, 4414, 4417, 4419, 4426, 4427, 4430, 4431, 4435, 4436, 4438, 4439, 4442, 4449, 4450, 4453, 4454, 4456, 4457, 4460, 4463, 4465, 4468, 4469, 4471, 4477, 4478, 4481, 4489, 4492, 4496, 4498, 4499, 4500, 4502, 4503, 4508, 4512, 4513, 4514, 4515, 4516, 4522, 4525, 4526, 4531, 4534, 4537, 4538, 4543, 4544, 4549, 4552, 4553, 4556, 4557, 4558, 4565, 4572, 4573, 4578, 4579, 4585, 4590, 4592, 4596, 4597, 4598, 4599, 4601, 4602, 4604, 4608, 4612, 4615, 4617, 4619, 4621, 4623, 4628, 4631, 4632, 4635, 4639, 4651, 4653, 4656, 4658, 4660, 4661, 4670, 4672, 4674, 4675, 4678, 4680, 4682, 4683, 4684, 4686, 4688, 4691, 4692, 4694, 4696, 4699, 4702, 4706, 4709, 4715, 4719, 4720, 4724, 4726, 4731, 4738, 4739, 4742, 4743, 4745, 4746, 4747, 4749, 4757, 4759, 4760, 4761, 4762, 4767, 4768, 4769, 4770, 4771, 4773, 4778, 4785, 4787, 4792, 4798, 4804, 4805, 4815, 4817, 4823, 4827, 4829, 4830, 4832, 4834, 4836, 4840, 4841, 4845, 4846, 4847, 4849, 4851, 4859, 4862, 4867, 4872, 4880, 4884, 4886, 4887, 4893, 4898, 4899, 4901, 4902, 4904, 4907, 4908, 4909, 4911, 4914, 4918, 4921, 4923, 4924, 4931, 4933, 4934, 4937, 4938, 4940, 4944, 4947, 4949, 4951, 4952, 4953, 4956, 4957, 4958, 4961, 4963, 4964, 4965, 4966, 4968, 4971, 4974, 4976, 4977, 4978, 4979, 4982, 4983, 4985, 4986, 4988, 4990, 4993, 4996, 4997]
Packed_weights: [3929, 1387, 7576, 7407, 9964, 9399, 4030, 9552, 5474, 8387, 9890, 7351, 8684, 7966, 6409, 2192, 3344, 3962, 6468, 9614, 9765, 5459, 6014, 3992, 9917, 1969, 989, 9830, 1194, 3353, 8541, 7885, 7252, 9732, 2548, 9851, 3487, 8652, 2988, 6950, 8598, 4669, 7832, 7449, 6902, 5798, 8532, 4256, 6148, 8954, 8177, 3457, 6979, 3683, 4796, 4999, 9355, 2774, 7577, 9126, 5794, 7772, 3733, 9412, 5194, 8584, 8235, 7059, 9833, 7966, 2483, 9983, 4090, 5385, 4401, 6857, 9008, 8272, 3389, 5693, 9098, 9445, 6842, 4015, 7354, 9105, 7386, 8713, 9595, 4211, 3133, 4404, 6698, 7541, 7796, 7999, 5420, 6914, 8467, 5491, 7739, 7071, 8842, 5515, 7671, 5450, 8559, 9754, 2590, 1485, 9697, 4746, 8174, 8771, 3558, 8976, 8575, 7380, 5916, 8577, 8973, 6367, 8114, 8479, 3478, 2979, 8212, 9745, 8619, 8996, 3255, 2495, 8699, 9234, 3591, 4131, 7179, 9237, 5679, 6499, 4678, 9685, 4660, 3751, 5670, 9813, 4630, 3365, 8049, 9506, 7766, 4633, 5494, 7674, 9777, 9433, 1589, 6851, 9572, 6017, 9391, 6952, 4461, 9536, 9329, 9500, 6062, 8814, 1188, 692, 6706, 4868, 4396, 7093, 7597, 3816, 8687, 5583, 8304, 7677, 9962, 4336, 9914, 8836, 4707, 6869, 2266, 5224, 8250, 6967, 8289, 2492, 9189, 5714, 6029, 8728, 5857, 3436, 7947, 9094, 8152, 2492, 5865, 9095, 190, 6692, 2884, 8684, 7116, 6287, 3178, 2542, 7960, 8868, 8073, 5587, 7173, 2994, 3555, 2575, 6285, 8217, 4407, 3074, 9206, 7220, 3932, 3077, 4069, 8287, 2272, 9952, 8143, 7285, 8416, 1984, 4396, 5592, 8520, 5999, 9138, 7327, 5034, 7770, 4939, 4838, 3671, 6582, 7565, 6563, 8319, 9460, 4942, 7182, 7591, 2842, 9064, 8887, 7445, 7131, 8747, 3882, 9142, 4580, 2961, 4897, 5973, 3757, 9142, 5105, 490, 8975, 9406, 9949, 3032, 9649, 9004, 9709, 6861, 7047, 6664, 8030, 9029, 9635, 5073, 9788, 8875, 7972, 8489, 8262, 5417, 8599, 6095, 4957, 9393, 5884, 9492, 3154, 8598, 7033, 6801, 4422, 5955, 6881, 1972, 6364, 7282, 6068, 9998, 7825, 9973, 7012, 9750, 9384, 3243, 9587, 6044, 4306, 9980, 7139, 6983, 8153, 6647, 9898, 6160, 2061, 2563, 8872, 4719, 9487, 9821, 6296, 7197, 2061, 7745, 4936, 9708, 9880, 4841, 8691, 8694, 3356, 8985, 8117, 3466, 5824, 9097, 9254, 3668, 6976, 7356, 9376, 6965, 8480, 6554, 6391, 2548, 9490, 7930, 7531, 784, 3077, 4987, 3920, 8792, 5049, 1996, 8372, 6949, 1960, 9512, 4773, 7558, 8996, 6379, 4375, 9133, 9234, 9821, 7452, 6175, 6979, 6801, 1886, 6872, 4722, 9227, 8211, 7629, 9506, 9973, 7752, 8176, 8156, 4238, 8857, 8477, 2982, 8373, 6834, 5331, 5604, 7437, 9503, 3386, 1482, 8015, 7179, 6875, 4042, 7289, 7903, 9373, 7683, 4455, 9383, 240, 6394, 7535, 4155, 5868, 9987, 9490, 3133, 9733, 4642, 6796, 6540, 5379, 2866, 4401, 9011, 9735, 5865, 1892, 4942, 6249, 8740, 9748, 5711, 8289, 9486, 7555, 4155, 8918, 3389, 9573, 7721, 7163, 4589, 8250, 7375, 7122, 9148, 5625, 695, 8587, 6159, 9616, 8618, 7476, 7291, 6585, 8900, 8667, 2652, 7193, 9852, 8039, 5435, 4595, 5082, 5575, 8290, 4256, 4455, 8996, 5973, 8788, 8595, 8444, 6266, 8227, 4921, 5631, 8378, 8863, 9294, 3092, 6787, 6311, 9095, 8554, 7488, 5414, 1271, 6799, 8982, 7716, 3181, 5694, 6771, 8934, 8690, 7690, 7923, 9498, 4256, 9085, 3326, 8682, 1568, 2097, 9481, 9377, 5865, 8960, 9307, 6991, 9876, 2462, 5518, 7184, 9213, 6065, 8162, 9001, 6908, 6080, 2697, 9445, 5378, 6071, 3472, 3035, 3368, 8399, 9753, 7951, 9992, 7303, 9736, 1598, 5414, 8200, 8076, 8897, 5988, 5019, 7740, 8988, 8072, 5765, 9693, 8158, 6302, 5085, 3499, 9224, 3920, 6998, 6148, 4476, 8780, 4924, 9120, 2171, 8235, 9673, 6979, 1286, 9311, 9222, 9632, 8153, 2474, 6365, 8910, 6976, 7395, 7683, 9453, 9706, 5590, 3092, 5191, 9289, 9017, 7785, 6825, 1782, 9489, 2275, 8890, 9605, 2783, 5580, 6715, 9395, 9585, 4283, 6845, 3493, 6756, 9554, 7182, 5281, 7853, 6979, 980, 2465, 9700, 4330, 5085, 8922, 8998, 5988, 1289, 2575, 9474, 3145, 9809, 7642, 1797, 5708, 3897, 3977, 3326, 5872, 3965, 8413, 8814, 1788, 5560, 1577, 7969, 7843, 9178, 6997, 8996, 8292, 8117, 7365, 7541, 9598, 4140, 9380, 5343, 1699, 7808, 8553, 7564, 2370, 4886, 9897, 8271, 6005, 2994, 8595, 3632, 6088, 5955, 7653, 8275, 9492, 7220, 7731, 8773, 6968, 4093, 9705, 3350, 7980, 6869, 5097, 8661, 5688, 3160, 9964, 8889, 2082, 9127, 5497, 8875, 2884, 9020, 2780, 8214, 9940, 7190, 7767, 6088, 3098, 8752, 5159, 4969, 9549, 2652, 4407, 7157, 4449, 5495, 7191, 2055, 5004, 6285, 3819, 5670, 4176, 9177, 4743, 8750, 8420, 9172, 2738, 7773, 7754, 6326, 5180, 8684, 4042, 8434, 6216, 6597, 9390, 9861, 3071, 7686, 2171, 9735, 7626, 9191, 9050, 7823, 7122, 9074, 6261, 9938, 2584, 8670, 7262, 4592, 9096, 3252, 7746, 7589, 7276, 9492, 1274, 4847, 9714, 6260, 8307, 9994, 9893, 5613, 7909, 6011, 3620, 9472, 7873, 4247, 5949, 9056, 7745, 4544, 4728, 3727, 5848, 6801, 8859, 2358, 8369, 8818, 1767, 2299, 4986, 3793, 7977, 9809, 8871, 6165, 4995, 7457, 9429, 4978, 4122, 9656, 2355, 8967, 9358, 9512, 6020, 4880, 3825, 2664, 7995, 6308, 5913, 4651, 8299, 8963, 6917, 6851, 9103, 4366, 9359, 4107, 7576, 5530, 6549, 6667, 8826, 7368, 2943, 6825, 8096, 6864, 6647, 7594, 6772, 8393, 2964, 9059, 7921, 7687, 9275, 9671, 6294, 1396, 9587, 7993, 9641, 8361, 8515, 8798, 5622, 9647, 9595, 8937, 8055, 5022, 3451, 1996, 3724, 5634, 2753, 9090, 8868, 4707, 5688, 4033, 686, 6525, 3852, 1078, 1675, 8474, 7681, 2156, 4618, 9286, 6587, 6112, 3484, 4321, 7387, 9501, 6879, 7234, 3083, 9129, 6504, 7205, 6240, 3392, 6878, 4568, 8307, 8189, 8776, 6275, 9678, 1999, 6718, 9050, 9350, 4696, 5726, 5815, 9647, 7416, 9809, 9180, 5218, 3154, 3775, 4945, 3635, 9771, 2753, 5079, 8428, 6668, 5866, 6285, 9996, 5589, 7564, 2287, 8024, 9882, 4208, 9583, 9637, 2394, 8372, 8434, 8324, 8565, 7865, 7051, 5055, 9034, 8070, 9638, 2836, 7933, 6338, 8646, 7965, 8970, 6623, 7846, 5765, 5874, 7148, 6611, 9882, 9493, 8226, 7526, 6614, 3885, 4330, 7648, 3246, 6953, 7021, 7728, 3285, 8566, 2477, 7746, 8749, 9938, 7437, 7636, 5266, 7392, 2489, 9546, 8862, 5976, 4719, 5717, 8278, 2296, 6872, 7671, 8024, 7570, 6644, 8479, 7882, 5548, 7086, 6504, 9537, 4170, 1990, 7556, 5061, 9635, 6305, 6590, 3968, 9316, 6614, 3739, 2551, 8116, 7256, 7446, 5966, 4078, 2572, 7879, 5981, 9800, 9753, 5982, 4817, 4351, 9083, 5159, 6492, 7698, 3478, 7927, 7134, 6635, 8351, 4066, 9394, 7416, 4333, 8275, 6747, 2667, 4894, 9377, 7440, 7160, 4577, 7416, 5729, 6686, 4895, 4431, 7992, 6958, 6487, 5447, 6371, 9543, 9754, 6368, 9810, 7401, 9519, 8465, 9040, 4790, 9911, 4318, 5307, 3745, 7502, 8992, 7484, 7270, 9395, 9193, 6264, 4924, 6531, 4170, 6760, 7330, 9093, 8227, 6578, 8087, 7475, 9356, 8768, 6879, 2994, 8141, 5393, 3427, 6275, 7157, 5572, 2875, 8495, 7332, 8385, 2542, 9702, 8370, 9522, 5206, 4018, 9671, 9964, 9973, 4342, 3469, 8884, 8183, 9563, 9377, 5865, 8750, 8595, 8539, 8533, 9566, 6961, 7761, 8432, 9756, 7496, 8186, 5575, 4924, 7954, 3190, 4410, 1188, 9453, 9352, 8134, 8094, 7618, 3231, 6477, 2349, 9587, 9977, 8391, 7131, 9579, 5878, 1188, 7683, 5028, 4663, 8138, 9487, 9471, 8131, 3998, 7205, 3080, 5120, 3831, 5503, 3882, 9096, 4639, 7226, 6608, 3582, 4544, 7202, 9873, 8289, 6261, 6851, 1681, 3175, 8010, 7045, 8200, 7894, 4699, 5004, 8218, 7811, 6056, 2694, 7246, 4247, 9958, 9191, 5774, 7912, 4927, 7559, 7576, 7303, 8931, 9368, 8892, 7431, 4176, 8446, 9852, 7365, 5518, 9171, 5388, 6291, 7538, 6964, 5450, 9884, 9975, 7535, 3570, 3992, 8284, 9714, 9469, 4057, 7458, 9955, 3983, 9343, 6531, 7632, 9753, 8486, 6133, 8354, 3730, 7353, 7295, 9897, 2355, 2869, 8182, 7381, 6724, 9405, 7923, 8378, 9453, 6085, 7514, 7398, 9916, 8752, 7920, 6489, 9858, 3098, 9979, 6109, 9869, 6196, 8238, 6564, 7134, 8949, 6902, 4532, 1898, 8684, 6662, 5494, 8149, 7639, 7357, 3950, 7745, 6284, 6650, 6750, 8206, 9193, 9246, 7835, 6302, 7778, 4743, 7591, 5156, 9858, 3439, 9640, 7460, 9696, 4630, 6080, 7737, 3888, 6733, 7933, 5988, 8334, 3855, 4835, 5797, 6436, 6091, 7430, 9760, 8177, 5052, 9705, 6047, 7425, 6106, 1488, 9115, 5738, 7321, 6198, 8388, 8817, 9530, 1966, 6594, 8281, 6490, 2857, 7995, 9803, 7270, 9492, 5937, 6296, 6766, 9797, 5610, 9809, 9203, 4986, 6498, 5776, 8666, 8829, 4063, 9148, 6962, 7951, 9886, 4600, 7974, 7508, 4719, 9867, 8138, 5299, 9905, 8948, 7256, 8030, 4470, 5821, 5613, 6851, 9787, 7906, 7478, 4494, 7663, 4479, 6952, 7990, 6487, 8821, 5450, 7734, 7995, 5266, 8548, 3917, 8248, 9513, 7246, 4467, 4642, 6162, 9207, 6445, 1274, 3965, 7929, 9566, 9796, 2257, 9171, 4895, 9999, 1880, 7369, 6180, 8295, 7879, 4295, 5438, 8372, 5022, 3588, 5150, 7959, 3442, 2198, 3555, 8515, 6587, 7449, 7292, 1283, 9580, 8149, 1497, 689, 5896, 7669, 9741, 5675, 2768, 7277, 594, 8287, 7448, 9242, 4853, 6139, 6560, 9430, 8345, 7989, 7653, 7044, 6857, 1378, 2186, 9387, 5498, 7289, 5257, 3386, 3540, 594, 9386, 8278, 5388, 5981, 7577, 3522, 891, 8293, 8880, 9635, 7751, 7540, 4722, 9597, 1978, 5536, 9359, 3998, 9564, 3683, 5474, 7573, 9001, 8802, 8263, 9588, 4419, 6094, 4113, 7390, 7757, 3796, 8042, 8286, 9715, 7889, 5319, 3157, 9362, 6968, 9236, 9334, 3680, 6525, 4535, 6077, 2955, 6671, 7576, 1785, 4523, 8299, 8465, 8815, 6332, 5676, 5387, 2759, 9267, 5773, 2777, 4841, 9094, 9649, 4069, 7571, 8441, 9151, 5794, 3787, 9430, 8799, 8562, 5337, 9898, 8164, 9297, 5782, 8330, 4624, 9926, 7831, 6662, 8428, 6593, 6843, 496, 4473, 3885, 8865, 8954, 7276, 5191, 5349, 8713, 4695, 2542, 3139, 6599, 9848, 2370, 4642, 7190, 4045, 5117, 9564, 9493, 8630, 8370, 9082, 8134, 4491, 9883, 4799, 6807, 3674, 9518, 8942, 9994, 9590, 9581, 9038, 8518, 9230, 4939, 2658, 2492, 5794, 2477, 7443, 9869, 6184, 6763, 8494, 8195, 2786, 2640, 7953, 9436, 4773, 8705, 4820, 2783, 7989, 5993, 7380, 7274, 6965, 2272, 3540, 8495, 6284, 9041, 9723, 9493, 5818, 2281, 9919, 5851, 8182, 8189, 7068, 7999, 3448, 9468, 2667, 8553, 2970, 9166, 3139, 8924, 9402, 9513, 7291, 8355, 3956, 7065, 698, 9227, 5296, 5088, 2186, 2290, 7692, 9029, 4185, 5278, 9991, 2744, 9525, 4978, 9961, 3650, 4152, 9403, 3383, 7083, 2795, 9013, 7235, 7075, 4859, 7823, 8072, 8979, 4707, 7460, 7110, 7282, 4853, 9478, 9588, 9866, 4909, 9827, 8364, 9682, 8820, 5548, 3653, 4523, 7883, 6106, 8304, 8863, 7104, 3891, 7695, 5756, 8741, 5673, 8741, 5584, 3620, 7277, 6555, 6073, 2058, 7042, 9708, 7749, 7318, 10000, 3831, 4595, 3389, 5839, 9988, 5102, 5670, 5482, 7289, 4182, 3499, 4633, 4794, 1791, 4651, 5578, 8137, 2581, 9323, 9774, 4627, 9608, 2979, 9243, 6439, 8459, 5370, 7668, 6496, 9237, 8473, 8495, 8815, 9774, 9453, 9477, 8408, 7445, 6843, 9221, 9064, 9695, 5803, 8281, 6632, 5577, 5789, 6995, 9192, 6602, 9246, 7870, 6727, 7344, 1078, 3157, 6864, 3519, 9486, 1081, 9714, 4128, 4499, 9968, 8455, 4027, 6171, 7782, 5679, 6673, 9184, 9717, 5281, 8955, 8592, 6851, 3175, 6558, 3549, 7466, 2165, 3932, 5997, 8141, 8823, 5512, 9287, 6888, 8906, 980, 1491, 4758, 4060, 2373, 8768, 9340, 5408, 9973, 8811, 7440, 9175, 8170, 2798, 6296, 9438, 5679, 5304, 9346, 9196, 9310, 6359, 6457, 9001, 5845, 7163, 8165, 2973, 9582, 9013, 9269, 9096, 7764, 9872, 7624, 8296, 8887, 7496, 8829, 7234, 7344, 8696, 3540, 8904, 6285, 8556, 9596, 7725, 9977, 5599, 6911, 4957, 8687, 7665, 9052, 7136, 6293, 8542, 2664, 8307, 8976, 3620, 5067, 9379, 1892, 1972, 5830, 5114, 6744, 4550, 8687, 5848, 4779, 6204, 5090, 9325, 6276, 5132, 7045, 8339, 4039, 8345, 8088, 8170, 9133, 8449, 2498, 5494, 7731, 6855, 6686, 4339, 3831, 4057, 8676, 5881, 6335, 5590, 7633, 5328, 6955, 9317, 7947, 9409, 7335, 7511, 7971, 7600, 8815, 5441, 8622, 8951, 9198, 9332]
================================================================================================
D:\kplib\12Circle\n10000\R10000\s096.kp
e - s = 179.80096554756165
e - s <= 170.0: False
Capacity = 24752022
Total value = 1650051367
Total weight: 24752022
Packed items: [1, 3, 5, 6, 10, 19, 20, 23, 30, 31, 37, 42, 45, 48, 50, 51, 53, 54, 55, 57, 58, 61, 64, 69, 70, 72, 78, 79, 80, 82, 84, 89, 91, 94, 95, 100, 104, 106, 108, 117, 120, 121, 122, 123, 127, 129, 136, 137, 138, 142, 144, 150, 153, 156, 158, 160, 162, 173, 174, 181, 183, 186, 187, 189, 190, 191, 203, 204, 205, 209, 210, 214, 216, 218, 219, 220, 227, 228, 242, 243, 247, 248, 253, 255, 256, 260, 261, 265, 268, 270, 272, 274, 279, 281, 283, 285, 292, 297, 299, 300, 301, 306, 309, 311, 319, 320, 323, 324, 328, 329, 330, 333, 334, 342, 346, 350, 352, 357, 366, 367, 372, 374, 375, 376, 377, 378, 380, 383, 384, 392, 393, 398, 399, 400, 401, 403, 404, 408, 410, 414, 415, 416, 417, 420, 430, 432, 438, 440, 442, 443, 446, 447, 449, 463, 472, 475, 477, 484, 485, 487, 495, 496, 497, 498, 500, 501, 503, 505, 507, 509, 512, 520, 524, 526, 531, 532, 536, 537, 540, 541, 545, 549, 550, 551, 553, 554, 559, 560, 565, 568, 570, 578, 579, 580, 581, 586, 588, 589, 597, 598, 600, 601, 604, 605, 607, 611, 615, 616, 618, 620, 627, 633, 635, 636, 641, 656, 657, 660, 662, 663, 667, 675, 676, 680, 681, 682, 689, 690, 693, 696, 698, 699, 700, 701, 704, 706, 707, 708, 711, 712, 715, 718, 720, 724, 725, 726, 732, 733, 740, 742, 745, 746, 751, 753, 756, 758, 759, 761, 764, 765, 772, 773, 774, 775, 776, 782, 783, 784, 787, 792, 793, 800, 801, 803, 804, 809, 813, 815, 816, 821, 825, 831, 833, 834, 837, 840, 841, 844, 845, 849, 851, 853, 855, 857, 859, 860, 865, 867, 871, 872, 876, 878, 879, 880, 882, 883, 885, 886, 891, 895, 896, 898, 900, 902, 904, 906, 909, 910, 911, 915, 916, 917, 920, 921, 922, 924, 925, 930, 933, 934, 937, 939, 945, 946, 948, 951, 954, 957, 960, 961, 963, 966, 967, 971, 972, 973, 975, 976, 981, 982, 983, 987, 988, 989, 990, 992, 993, 996, 997, 999, 1003, 1008, 1010, 1019, 1021, 1022, 1023, 1024, 1025, 1026, 1027, 1030, 1031, 1033, 1040, 1045, 1047, 1048, 1049, 1053, 1054, 1056, 1057, 1059, 1061, 1063, 1065, 1066, 1072, 1075, 1077, 1079, 1080, 1084, 1085, 1090, 1096, 1097, 1098, 1102, 1105, 1106, 1107, 1112, 1114, 1115, 1116, 1118, 1120, 1127, 1128, 1130, 1135, 1136, 1139, 1140, 1141, 1145, 1149, 1160, 1169, 1170, 1175, 1176, 1180, 1181, 1183, 1185, 1187, 1193, 1194, 1201, 1203, 1206, 1207, 1210, 1212, 1213, 1214, 1215, 1217, 1218, 1219, 1222, 1224, 1226, 1228, 1230, 1233, 1236, 1242, 1247, 1251, 1252, 1254, 1256, 1257, 1258, 1259, 1264, 1265, 1266, 1267, 1271, 1272, 1274, 1280, 1281, 1282, 1283, 1284, 1285, 1286, 1287, 1291, 1293, 1297, 1299, 1300, 1301, 1303, 1307, 1309, 1311, 1313, 1314, 1315, 1316, 1319, 1321, 1325, 1327, 1328, 1329, 1331, 1332, 1333, 1334, 1335, 1336, 1337, 1341, 1342, 1347, 1350, 1354, 1355, 1356, 1359, 1360, 1362, 1363, 1365, 1366, 1375, 1377, 1379, 1380, 1382, 1383, 1390, 1393, 1395, 1397, 1402, 1403, 1404, 1406, 1410, 1411, 1412, 1414, 1415, 1416, 1417, 1419, 1420, 1423, 1424, 1425, 1427, 1428, 1431, 1437, 1440, 1441, 1442, 1443, 1446, 1450, 1452, 1453, 1457, 1459, 1461, 1464, 1465, 1470, 1473, 1479, 1481, 1482, 1484, 1488, 1490, 1491, 1492, 1499, 1501, 1502, 1503, 1507, 1509, 1513, 1515, 1516, 1517, 1518, 1519, 1523, 1525, 1526, 1528, 1529, 1532, 1535, 1538, 1539, 1540, 1545, 1548, 1550, 1558, 1561, 1563, 1564, 1565, 1571, 1573, 1579, 1581, 1583, 1584, 1587, 1588, 1591, 1592, 1598, 1600, 1601, 1602, 1603, 1604, 1607, 1613, 1615, 1616, 1617, 1618, 1619, 1620, 1622, 1625, 1626, 1632, 1636, 1639, 1642, 1649, 1651, 1652, 1653, 1659, 1663, 1665, 1667, 1669, 1670, 1672, 1675, 1676, 1677, 1678, 1679, 1683, 1686, 1687, 1693, 1697, 1698, 1703, 1704, 1705, 1708, 1709, 1711, 1715, 1716, 1718, 1720, 1721, 1722, 1724, 1729, 1730, 1732, 1733, 1747, 1752, 1756, 1761, 1767, 1774, 1775, 1776, 1784, 1791, 1799, 1800, 1802, 1805, 1810, 1812, 1817, 1821, 1827, 1833, 1837, 1838, 1841, 1845, 1846, 1847, 1853, 1854, 1857, 1859, 1861, 1862, 1865, 1867, 1869, 1872, 1873, 1875, 1877, 1883, 1884, 1885, 1887, 1889, 1890, 1892, 1894, 1895, 1896, 1898, 1899, 1902, 1908, 1909, 1910, 1914, 1916, 1920, 1921, 1922, 1923, 1926, 1928, 1931, 1936, 1937, 1938, 1939, 1942, 1944, 1948, 1949, 1950, 1956, 1959, 1965, 1971, 1972, 1974, 1977, 1988, 1990, 1992, 1994, 1998, 2000, 2004, 2008, 2012, 2014, 2015, 2016, 2017, 2018, 2019, 2020, 2028, 2030, 2035, 2037, 2039, 2040, 2044, 2046, 2048, 2050, 2052, 2055, 2057, 2060, 2063, 2067, 2068, 2070, 2071, 2078, 2080, 2085, 2087, 2089, 2091, 2094, 2095, 2098, 2101, 2103, 2105, 2106, 2110, 2112, 2113, 2114, 2115, 2116, 2123, 2127, 2131, 2134, 2136, 2140, 2141, 2143, 2144, 2157, 2158, 2161, 2167, 2171, 2172, 2179, 2184, 2185, 2189, 2191, 2194, 2196, 2201, 2204, 2205, 2206, 2209, 2219, 2224, 2229, 2230, 2235, 2241, 2242, 2244, 2250, 2252, 2254, 2257, 2262, 2264, 2265, 2267, 2270, 2272, 2273, 2277, 2279, 2281, 2287, 2291, 2292, 2294, 2295, 2297, 2300, 2301, 2304, 2305, 2306, 2307, 2313, 2314, 2315, 2316, 2321, 2323, 2327, 2328, 2329, 2330, 2335, 2338, 2340, 2341, 2344, 2349, 2352, 2353, 2359, 2360, 2361, 2366, 2368, 2369, 2371, 2372, 2375, 2377, 2381, 2382, 2384, 2386, 2387, 2388, 2389, 2390, 2391, 2392, 2397, 2398, 2402, 2403, 2404, 2409, 2410, 2411, 2413, 2414, 2415, 2416, 2418, 2419, 2421, 2425, 2432, 2435, 2441, 2448, 2450, 2451, 2452, 2453, 2455, 2456, 2457, 2458, 2461, 2465, 2468, 2471, 2472, 2473, 2479, 2480, 2484, 2486, 2488, 2490, 2491, 2492, 2494, 2505, 2510, 2514, 2515, 2521, 2524, 2526, 2527, 2530, 2534, 2535, 2536, 2537, 2538, 2539, 2542, 2545, 2548, 2554, 2555, 2565, 2571, 2572, 2577, 2579, 2581, 2583, 2584, 2589, 2592, 2596, 2601, 2602, 2603, 2604, 2612, 2614, 2619, 2626, 2627, 2628, 2630, 2631, 2639, 2645, 2646, 2648, 2651, 2654, 2655, 2656, 2658, 2659, 2660, 2667, 2673, 2676, 2680, 2681, 2682, 2684, 2693, 2696, 2698, 2701, 2703, 2710, 2711, 2713, 2715, 2716, 2720, 2723, 2727, 2731, 2732, 2733, 2743, 2751, 2755, 2756, 2761, 2762, 2763, 2765, 2766, 2767, 2769, 2771, 2772, 2773, 2774, 2776, 2777, 2778, 2792, 2793, 2794, 2796, 2797, 2798, 2800, 2801, 2804, 2806, 2807, 2811, 2814, 2816, 2819, 2824, 2826, 2831, 2833, 2844, 2851, 2852, 2856, 2862, 2863, 2871, 2874, 2877, 2879, 2881, 2883, 2885, 2889, 2891, 2898, 2905, 2906, 2909, 2912, 2917, 2922, 2926, 2927, 2935, 2940, 2941, 2942, 2946, 2948, 2953, 2959, 2963, 2964, 2967, 2968, 2970, 2971, 2974, 2977, 2981, 2984, 2985, 2989, 2993, 2994, 2996, 2998, 3002, 3003, 3007, 3016, 3024, 3027, 3033, 3035, 3036, 3037, 3038, 3039, 3044, 3050, 3051, 3055, 3059, 3060, 3062, 3067, 3075, 3076, 3080, 3081, 3082, 3084, 3089, 3090, 3092, 3096, 3098, 3099, 3101, 3107, 3111, 3114, 3116, 3117, 3119, 3125, 3126, 3130, 3135, 3136, 3137, 3138, 3141, 3147, 3148, 3149, 3150, 3151, 3152, 3153, 3157, 3161, 3164, 3166, 3168, 3171, 3172, 3178, 3180, 3181, 3183, 3185, 3186, 3191, 3193, 3196, 3205, 3206, 3208, 3210, 3212, 3214, 3218, 3221, 3222, 3223, 3230, 3232, 3233, 3236, 3238, 3239, 3240, 3241, 3242, 3248, 3255, 3259, 3263, 3266, 3270, 3271, 3272, 3273, 3278, 3281, 3287, 3291, 3292, 3295, 3299, 3301, 3303, 3305, 3308, 3313, 3314, 3315, 3321, 3329, 3331, 3334, 3337, 3340, 3345, 3346, 3352, 3354, 3360, 3361, 3362, 3367, 3371, 3375, 3378, 3383, 3388, 3390, 3391, 3392, 3393, 3394, 3397, 3398, 3399, 3402, 3403, 3408, 3409, 3416, 3419, 3426, 3428, 3429, 3431, 3433, 3435, 3438, 3441, 3446, 3447, 3448, 3449, 3450, 3452, 3453, 3458, 3460, 3464, 3465, 3467, 3468, 3470, 3473, 3475, 3481, 3482, 3483, 3484, 3488, 3489, 3490, 3492, 3493, 3497, 3499, 3500, 3503, 3504, 3505, 3507, 3510, 3514, 3521, 3522, 3526, 3528, 3529, 3530, 3531, 3532, 3535, 3537, 3538, 3540, 3542, 3543, 3544, 3545, 3548, 3551, 3553, 3554, 3558, 3559, 3560, 3563, 3564, 3565, 3566, 3567, 3569, 3570, 3572, 3575, 3578, 3580, 3587, 3591, 3593, 3594, 3604, 3608, 3610, 3611, 3618, 3619, 3621, 3622, 3625, 3626, 3628, 3629, 3631, 3635, 3636, 3643, 3644, 3645, 3646, 3647, 3650, 3652, 3653, 3655, 3656, 3657, 3658, 3659, 3662, 3663, 3664, 3667, 3668, 3670, 3672, 3673, 3674, 3675, 3677, 3678, 3680, 3681, 3684, 3685, 3687, 3688, 3689, 3690, 3691, 3698, 3700, 3703, 3704, 3706, 3709, 3714, 3716, 3719, 3723, 3725, 3727, 3731, 3732, 3739, 3742, 3746, 3748, 3749, 3758, 3759, 3760, 3767, 3770, 3774, 3775, 3776, 3777, 3779, 3782, 3785, 3786, 3790, 3791, 3792, 3799, 3801, 3802, 3806, 3807, 3808, 3810, 3811, 3817, 3819, 3822, 3823, 3826, 3829, 3837, 3838, 3844, 3847, 3849, 3851, 3852, 3856, 3860, 3864, 3865, 3867, 3868, 3869, 3871, 3872, 3875, 3876, 3877, 3878, 3880, 3887, 3893, 3894, 3896, 3897, 3899, 3900, 3901, 3907, 3912, 3914, 3915, 3916, 3919, 3923, 3924, 3932, 3935, 3938, 3939, 3941, 3942, 3945, 3947, 3950, 3951, 3952, 3956, 3957, 3959, 3960, 3961, 3963, 3964, 3967, 3973, 3974, 3979, 3981, 3982, 3984, 3985, 3986, 3991, 3992, 3993, 3995, 3998, 4000, 4003, 4004, 4007, 4009, 4013, 4019, 4020, 4022, 4023, 4026, 4027, 4029, 4030, 4035, 4036, 4043, 4045, 4047, 4048, 4049, 4050, 4053, 4056, 4060, 4061, 4062, 4063, 4064, 4068, 4069, 4071, 4074, 4075, 4079, 4088, 4089, 4091, 4093, 4094, 4100, 4103, 4104, 4105, 4107, 4109, 4111, 4115, 4116, 4119, 4120, 4123, 4126, 4127, 4131, 4138, 4139, 4144, 4146, 4149, 4151, 4157, 4161, 4165, 4166, 4168, 4171, 4180, 4182, 4183, 4184, 4186, 4188, 4189, 4190, 4193, 4195, 4200, 4202, 4203, 4205, 4211, 4212, 4216, 4218, 4219, 4221, 4222, 4224, 4226, 4232, 4233, 4235, 4237, 4240, 4243, 4253, 4254, 4257, 4259, 4261, 4263, 4264, 4265, 4266, 4268, 4269, 4270, 4272, 4275, 4277, 4286, 4289, 4290, 4291, 4297, 4299, 4303, 4304, 4306, 4307, 4310, 4311, 4316, 4319, 4320, 4321, 4322, 4323, 4324, 4327, 4329, 4331, 4332, 4333, 4336, 4339, 4345, 4354, 4357, 4358, 4360, 4362, 4363, 4367, 4368, 4371, 4372, 4373, 4375, 4376, 4379, 4380, 4385, 4390, 4391, 4395, 4401, 4403, 4404, 4406, 4407, 4408, 4413, 4419, 4421, 4423, 4424, 4430, 4433, 4436, 4437, 4441, 4442, 4444, 4445, 4446, 4447, 4448, 4450, 4451, 4453, 4454, 4456, 4457, 4458, 4459, 4461, 4463, 4464, 4465, 4470, 4475, 4476, 4477, 4480, 4490, 4491, 4495, 4497, 4503, 4504, 4509, 4514, 4518, 4519, 4520, 4528, 4533, 4535, 4537, 4538, 4539, 4548, 4549, 4550, 4552, 4554, 4556, 4557, 4558, 4564, 4567, 4568, 4572, 4573, 4578, 4580, 4586, 4589, 4590, 4592, 4599, 4601, 4605, 4607, 4613, 4624, 4627, 4632, 4634, 4636, 4638, 4641, 4644, 4645, 4647, 4655, 4656, 4658, 4659, 4660, 4663, 4664, 4669, 4675, 4680, 4682, 4688, 4689, 4692, 4696, 4706, 4708, 4709, 4711, 4712, 4716, 4722, 4725, 4726, 4730, 4734, 4737, 4739, 4741, 4742, 4746, 4747, 4750, 4755, 4759, 4760, 4764, 4768, 4773, 4778, 4779, 4783, 4785, 4787, 4790, 4791, 4792, 4793, 4801, 4811, 4812, 4817, 4818, 4819, 4820, 4822, 4823, 4826, 4828, 4830, 4831, 4832, 4837, 4838, 4847, 4848, 4849, 4852, 4854, 4859, 4861, 4863, 4869, 4871, 4877, 4885, 4889, 4899, 4903, 4905, 4906, 4908, 4909, 4916, 4919, 4924, 4929, 4931, 4933, 4938, 4940, 4946, 4951, 4952, 4954, 4959, 4961, 4962, 4963, 4967, 4968, 4969, 4971, 4973, 4975, 4976, 4982, 4983, 4988, 4992, 4994, 4996, 4997, 4999, 5004, 5007, 5012, 5014, 5016, 5023, 5024, 5025, 5028, 5033, 5034, 5036, 5037, 5046, 5047, 5049, 5051, 5053, 5055, 5059, 5060, 5061, 5069, 5072, 5075, 5078, 5081, 5082, 5086, 5087, 5088, 5090, 5092, 5096, 5097, 5098, 5099, 5101, 5104, 5107, 5108, 5109, 5111, 5118, 5119, 5124, 5125, 5126, 5127, 5129, 5131, 5133, 5135, 5136, 5137, 5140, 5142, 5145, 5148, 5151, 5152, 5153, 5154, 5156, 5158, 5160, 5167, 5168, 5170, 5172, 5174, 5181, 5182, 5183, 5187, 5192, 5193, 5194, 5203, 5205, 5208, 5211, 5215, 5216, 5217, 5218, 5223, 5224, 5231, 5233, 5234, 5235, 5244, 5245, 5246, 5249, 5252, 5254, 5255, 5257, 5258, 5259, 5260, 5261, 5269, 5272, 5274, 5278, 5280, 5281, 5284, 5286, 5288, 5293, 5297, 5298, 5300, 5301, 5302, 5303, 5306, 5309, 5311, 5312, 5314, 5315, 5316, 5317, 5323, 5325, 5333, 5338, 5339, 5341, 5344, 5347, 5349, 5351, 5357, 5358, 5367, 5371, 5372, 5375, 5376, 5380, 5385, 5387, 5388, 5389, 5393, 5396, 5397, 5399, 5405, 5406, 5407, 5408, 5410, 5421, 5423, 5424, 5425, 5428, 5429, 5430, 5432, 5437, 5438, 5440, 5447, 5449, 5453, 5454, 5455, 5459, 5467, 5469, 5470, 5475, 5476, 5479, 5481, 5485, 5487, 5491, 5494, 5497, 5499, 5502, 5504, 5505, 5508, 5510, 5511, 5513, 5514, 5515, 5518, 5519, 5522, 5523, 5527, 5537, 5541, 5544, 5546, 5550, 5553, 5554, 5557, 5559, 5564, 5566, 5567, 5570, 5571, 5572, 5573, 5574, 5581, 5584, 5591, 5598, 5599, 5600, 5603, 5604, 5605, 5608, 5609, 5611, 5612, 5613, 5614, 5618, 5619, 5620, 5622, 5623, 5624, 5625, 5626, 5627, 5631, 5634, 5637, 5639, 5641, 5647, 5650, 5655, 5656, 5658, 5659, 5661, 5663, 5665, 5666, 5667, 5675, 5677, 5678, 5680, 5687, 5689, 5690, 5693, 5695, 5700, 5705, 5707, 5710, 5713, 5714, 5716, 5719, 5724, 5730, 5732, 5735, 5738, 5741, 5745, 5746, 5752, 5753, 5754, 5755, 5756, 5760, 5764, 5766, 5769, 5770, 5773, 5774, 5776, 5777, 5778, 5782, 5786, 5787, 5791, 5792, 5796, 5797, 5798, 5799, 5803, 5804, 5806, 5809, 5811, 5812, 5813, 5814, 5816, 5818, 5821, 5823, 5832, 5833, 5835, 5837, 5848, 5851, 5852, 5853, 5856, 5858, 5859, 5860, 5867, 5868, 5870, 5871, 5872, 5875, 5883, 5889, 5891, 5892, 5894, 5895, 5899, 5900, 5904, 5912, 5913, 5914, 5917, 5921, 5922, 5923, 5924, 5926, 5928, 5933, 5935, 5943, 5944, 5945, 5946, 5949, 5950, 5952, 5954, 5957, 5958, 5961, 5963, 5965, 5966, 5967, 5969, 5972, 5974, 5975, 5976, 5977, 5979, 5981, 5982, 5985, 5987, 5989, 5990, 5991, 5993, 5995, 5997, 5998, 6003, 6009, 6011, 6017, 6021, 6022, 6034, 6036, 6038, 6041, 6042, 6044, 6047, 6050, 6053, 6056, 6057, 6058, 6060, 6063, 6066, 6068, 6075, 6076, 6082, 6085, 6095, 6096, 6100, 6102, 6106, 6108, 6109, 6110, 6111, 6112, 6116, 6121, 6122, 6125, 6127, 6130, 6131, 6133, 6134, 6142, 6143, 6147, 6149, 6150, 6151, 6152, 6160, 6164, 6167, 6171, 6175, 6176, 6177, 6179, 6180, 6185, 6186, 6189, 6196, 6201, 6203, 6204, 6205, 6207, 6210, 6212, 6222, 6223, 6228, 6229, 6233, 6234, 6236, 6237, 6238, 6240, 6242, 6243, 6246, 6250, 6251, 6253, 6254, 6256, 6260, 6261, 6263, 6265, 6272, 6274, 6275, 6278, 6279, 6282, 6285, 6286, 6287, 6288, 6289, 6293, 6295, 6299, 6300, 6305, 6308, 6310, 6312, 6314, 6315, 6318, 6323, 6328, 6330, 6331, 6332, 6333, 6335, 6336, 6338, 6343, 6345, 6346, 6351, 6352, 6355, 6356, 6358, 6360, 6361, 6364, 6365, 6367, 6369, 6370, 6372, 6377, 6381, 6383, 6385, 6389, 6391, 6393, 6400, 6402, 6404, 6410, 6411, 6413, 6416, 6417, 6419, 6421, 6424, 6425, 6433, 6435, 6436, 6437, 6440, 6445, 6446, 6453, 6456, 6457, 6458, 6459, 6462, 6467, 6468, 6470, 6472, 6478, 6480, 6486, 6493, 6494, 6496, 6502, 6506, 6509, 6510, 6517, 6518, 6519, 6520, 6522, 6527, 6528, 6529, 6534, 6535, 6538, 6539, 6542, 6546, 6547, 6549, 6551, 6552, 6556, 6562, 6563, 6564, 6568, 6569, 6570, 6573, 6574, 6576, 6579, 6582, 6583, 6588, 6589, 6591, 6592, 6593, 6594, 6595, 6597, 6600, 6612, 6613, 6616, 6618, 6619, 6620, 6623, 6625, 6629, 6630, 6631, 6636, 6637, 6642, 6647, 6649, 6651, 6654, 6656, 6658, 6661, 6665, 6672, 6673, 6676, 6678, 6681, 6690, 6691, 6692, 6695, 6697, 6698, 6705, 6706, 6707, 6710, 6713, 6715, 6717, 6718, 6721, 6723, 6726, 6730, 6734, 6736, 6738, 6740, 6750, 6752, 6754, 6755, 6756, 6758, 6759, 6760, 6761, 6763, 6766, 6768, 6770, 6773, 6776, 6777, 6786, 6787, 6789, 6794, 6796, 6797, 6800, 6801, 6802, 6804, 6805, 6808, 6810, 6811, 6812, 6813, 6814, 6819, 6823, 6828, 6829, 6830, 6834, 6836, 6838, 6842, 6843, 6847, 6851, 6856, 6857, 6858, 6859, 6862, 6864, 6872, 6875, 6876, 6883, 6884, 6886, 6889, 6891, 6892, 6896, 6902, 6903, 6904, 6905, 6907, 6909, 6919, 6920, 6921, 6927, 6931, 6932, 6934, 6939, 6941, 6942, 6948, 6954, 6955, 6956, 6957, 6960, 6964, 6977, 6979, 6983, 6987, 6988, 6989, 6991, 6994, 6996, 6999, 7000, 7003, 7006, 7009, 7011, 7012, 7013, 7015, 7016, 7019, 7020, 7021, 7024, 7025, 7029, 7030, 7032, 7034, 7035, 7037, 7043, 7046, 7048, 7049, 7050, 7052, 7055, 7056, 7057, 7068, 7074, 7078, 7079, 7080, 7081, 7086, 7093, 7094, 7095, 7097, 7101, 7103, 7105, 7106, 7110, 7112, 7113, 7114, 7117, 7118, 7119, 7120, 7121, 7122, 7123, 7127, 7130, 7132, 7133, 7135, 7137, 7139, 7140, 7142, 7144, 7145, 7146, 7154, 7156, 7158, 7160, 7162, 7165, 7167, 7168, 7172, 7173, 7175, 7179, 7182, 7183, 7186, 7188, 7191, 7195, 7198, 7204, 7207, 7208, 7211, 7221, 7222, 7225, 7226, 7227, 7231, 7239, 7245, 7247, 7250, 7252, 7254, 7255, 7259, 7263, 7265, 7281, 7282, 7285, 7286, 7289, 7290, 7293, 7295, 7298, 7301, 7302, 7305, 7308, 7310, 7311, 7320, 7323, 7326, 7327, 7328, 7329, 7330, 7335, 7336, 7340, 7343, 7344, 7345, 7346, 7347, 7349, 7350, 7352, 7354, 7357, 7358, 7369, 7370, 7373, 7375, 7378, 7390, 7395, 7399, 7401, 7403, 7404, 7412, 7413, 7416, 7417, 7423, 7424, 7428, 7429, 7432, 7433, 7436, 7438, 7453, 7458, 7462, 7463, 7469, 7470, 7476, 7478, 7483, 7486, 7499, 7504, 7505, 7506, 7508, 7509, 7516, 7517, 7519, 7525, 7526, 7528, 7530, 7532, 7533, 7534, 7541, 7543, 7550, 7551, 7556, 7558, 7560, 7561, 7562, 7566, 7570, 7578, 7581, 7583, 7585, 7586, 7590, 7597, 7604, 7605, 7608, 7609, 7611, 7612, 7613, 7620, 7621, 7625, 7633, 7635, 7636, 7638, 7641, 7642, 7643, 7658, 7659, 7661, 7664, 7678, 7679, 7681, 7685, 7686, 7693, 7695, 7696, 7702, 7705, 7709, 7716, 7719, 7721, 7723, 7730, 7733, 7734, 7735, 7737, 7739, 7741, 7742, 7747, 7748, 7749, 7751, 7757, 7765, 7766, 7767, 7768, 7769, 7774, 7787, 7788, 7789, 7793, 7795, 7797, 7799, 7800, 7801, 7802, 7803, 7805, 7807, 7808, 7810, 7811, 7812, 7814, 7823, 7824, 7831, 7837, 7838, 7839, 7841, 7845, 7846, 7847, 7848, 7849, 7850, 7851, 7852, 7855, 7857, 7858, 7860, 7863, 7865, 7872, 7873, 7878, 7880, 7881, 7882, 7883, 7885, 7887, 7888, 7891, 7896, 7897, 7900, 7901, 7902, 7903, 7905, 7908, 7912, 7915, 7917, 7920, 7921, 7927, 7929, 7930, 7931, 7933, 7934, 7936, 7940, 7945, 7946, 7951, 7953, 7960, 7963, 7964, 7965, 7966, 7967, 7968, 7969, 7970, 7971, 7972, 7978, 7979, 7980, 7981, 7982, 7984, 7987, 7988, 7989, 7991, 7993, 7997, 7998, 7999, 8005, 8006, 8008, 8015, 8016, 8023, 8030, 8032, 8034, 8036, 8037, 8038, 8039, 8041, 8042, 8044, 8045, 8046, 8051, 8052, 8054, 8057, 8058, 8061, 8062, 8063, 8065, 8067, 8070, 8071, 8072, 8074, 8080, 8084, 8094, 8095, 8098, 8101, 8102, 8103, 8104, 8105, 8107, 8110, 8111, 8117, 8121, 8123, 8124, 8126, 8129, 8130, 8134, 8140, 8148, 8155, 8159, 8165, 8168, 8171, 8173, 8175, 8177, 8181, 8185, 8186, 8192, 8195, 8196, 8197, 8199, 8200, 8204, 8206, 8207, 8210, 8211, 8212, 8213, 8214, 8215, 8222, 8223, 8224, 8225, 8232, 8233, 8235, 8237, 8239, 8240, 8248, 8250, 8251, 8254, 8255, 8257, 8260, 8261, 8263, 8268, 8272, 8278, 8281, 8282, 8286, 8288, 8294, 8295, 8296, 8300, 8303, 8306, 8309, 8310, 8311, 8312, 8316, 8318, 8319, 8321, 8324, 8325, 8327, 8328, 8331, 8332, 8334, 8336, 8340, 8349, 8350, 8352, 8353, 8359, 8363, 8364, 8374, 8375, 8378, 8380, 8384, 8385, 8387, 8388, 8389, 8396, 8400, 8404, 8408, 8413, 8422, 8423, 8425, 8426, 8429, 8436, 8438, 8441, 8452, 8460, 8466, 8468, 8472, 8473, 8474, 8478, 8480, 8482, 8485, 8488, 8491, 8493, 8500, 8503, 8505, 8510, 8511, 8514, 8515, 8520, 8527, 8530, 8531, 8536, 8538, 8539, 8540, 8541, 8543, 8548, 8554, 8560, 8561, 8566, 8567, 8571, 8573, 8575, 8584, 8585, 8588, 8589, 8592, 8594, 8597, 8598, 8601, 8602, 8604, 8605, 8606, 8608, 8611, 8615, 8619, 8622, 8626, 8630, 8633, 8636, 8643, 8644, 8649, 8651, 8652, 8653, 8657, 8658, 8661, 8665, 8667, 8669, 8673, 8675, 8677, 8678, 8681, 8682, 8685, 8690, 8694, 8695, 8697, 8699, 8700, 8701, 8703, 8707, 8709, 8710, 8717, 8721, 8723, 8725, 8726, 8728, 8734, 8735, 8737, 8738, 8739, 8741, 8742, 8743, 8748, 8749, 8750, 8753, 8767, 8769, 8771, 8773, 8775, 8779, 8784, 8785, 8788, 8789, 8792, 8793, 8794, 8796, 8798, 8800, 8803, 8804, 8808, 8809, 8810, 8812, 8814, 8818, 8820, 8821, 8822, 8824, 8825, 8826, 8829, 8830, 8831, 8834, 8835, 8838, 8839, 8840, 8841, 8844, 8846, 8849, 8850, 8852, 8855, 8856, 8861, 8863, 8864, 8865, 8866, 8867, 8868, 8869, 8871, 8876, 8878, 8880, 8888, 8891, 8894, 8896, 8898, 8901, 8902, 8907, 8909, 8911, 8913, 8916, 8917, 8922, 8930, 8932, 8936, 8938, 8939, 8941, 8943, 8944, 8945, 8948, 8950, 8952, 8955, 8956, 8958, 8959, 8961, 8967, 8968, 8971, 8973, 8976, 8983, 8984, 8986, 8987, 8988, 8989, 8991, 8992, 8993, 8994, 8995, 8996, 8998, 9001, 9003, 9004, 9005, 9006, 9009, 9010, 9011, 9013, 9014, 9017, 9023, 9024, 9026, 9027, 9028, 9030, 9032, 9036, 9042, 9044, 9047, 9048, 9049, 9051, 9054, 9055, 9063, 9065, 9069, 9071, 9074, 9078, 9080, 9081, 9090, 9095, 9096, 9097, 9101, 9102, 9103, 9104, 9105, 9107, 9108, 9109, 9110, 9120, 9123, 9132, 9134, 9136, 9138, 9139, 9141, 9142, 9144, 9145, 9146, 9147, 9150, 9152, 9154, 9156, 9158, 9159, 9162, 9163, 9166, 9169, 9170, 9172, 9173, 9174, 9175, 9177, 9181, 9188, 9189, 9190, 9191, 9193, 9196, 9197, 9201, 9203, 9210, 9211, 9212, 9218, 9219, 9224, 9228, 9229, 9234, 9238, 9241, 9242, 9243, 9244, 9247, 9248, 9252, 9253, 9257, 9263, 9265, 9266, 9268, 9270, 9277, 9278, 9280, 9282, 9289, 9293, 9294, 9299, 9300, 9301, 9305, 9306, 9308, 9310, 9313, 9314, 9318, 9319, 9324, 9326, 9327, 9330, 9334, 9335, 9336, 9342, 9347, 9351, 9355, 9360, 9361, 9363, 9367, 9369, 9370, 9371, 9375, 9380, 9381, 9393, 9397, 9401, 9403, 9404, 9406, 9409, 9410, 9415, 9419, 9420, 9422, 9423, 9424, 9426, 9429, 9432, 9433, 9435, 9438, 9440, 9443, 9445, 9447, 9450, 9451, 9454, 9456, 9458, 9463, 9466, 9468, 9469, 9470, 9474, 9475, 9477, 9478, 9479, 9480, 9486, 9487, 9491, 9493, 9495, 9497, 9498, 9501, 9502, 9505, 9506, 9510, 9511, 9518, 9523, 9524, 9525, 9532, 9535, 9536, 9537, 9541, 9542, 9543, 9545, 9546, 9548, 9549, 9554, 9555, 9556, 9557, 9560, 9562, 9567, 9568, 9569, 9571, 9574, 9577, 9578, 9579, 9583, 9585, 9590, 9591, 9594, 9595, 9601, 9607, 9614, 9615, 9616, 9617, 9620, 9625, 9628, 9629, 9631, 9635, 9636, 9640, 9643, 9645, 9647, 9648, 9653, 9654, 9656, 9658, 9659, 9660, 9662, 9664, 9665, 9666, 9667, 9668, 9669, 9670, 9671, 9676, 9677, 9679, 9682, 9683, 9684, 9686, 9688, 9696, 9700, 9702, 9703, 9705, 9706, 9707, 9708, 9709, 9710, 9711, 9720, 9722, 9723, 9726, 9727, 9728, 9730, 9741, 9743, 9749, 9753, 9755, 9756, 9757, 9761, 9765, 9768, 9774, 9775, 9778, 9779, 9781, 9786, 9792, 9795, 9804, 9806, 9808, 9816, 9817, 9821, 9822, 9825, 9829, 9830, 9834, 9836, 9837, 9838, 9840, 9841, 9842, 9848, 9853, 9857, 9860, 9862, 9865, 9868, 9870, 9877, 9881, 9884, 9887, 9891, 9892, 9893, 9894, 9897, 9898, 9899, 9900, 9901, 9904, 9907, 9912, 9914, 9921, 9923, 9924, 9926, 9928, 9929, 9934, 9936, 9943, 9946, 9950, 9951, 9952, 9953, 9955, 9957, 9958, 9960, 9966, 9967, 9971, 9972, 9973, 9974, 9983, 9987, 9988, 9990, 9991, 9995, 9998, 9999]
Packed_weights: [9077, 2061, 7588, 6983, 2551, 6887, 3466, 7992, 9807, 5890, 6561, 7698, 3558, 9807, 7395, 5866, 4660, 9795, 9124, 5684, 3068, 4265, 9819, 8036, 6846, 7347, 3424, 7719, 6747, 7223, 9929, 8153, 8301, 7912, 9335, 6768, 5417, 6451, 1473, 4024, 5097, 8963, 9899, 9816, 8091, 6994, 5233, 5776, 4428, 6584, 9097, 4265, 3935, 3793, 9216, 9409, 3451, 8521, 4556, 7761, 6501, 8758, 7172, 5780, 5117, 2741, 6976, 3261, 5842, 9469, 8293, 7609, 7858, 7360, 6790, 5773, 5798, 6564, 7179, 7145, 9192, 4324, 5022, 9219, 9080, 2759, 9922, 6778, 8440, 5643, 6490, 8057, 2495, 9022, 5643, 6557, 7452, 9252, 4226, 6394, 8164, 8165, 9035, 6468, 8606, 9714, 7971, 6400, 5355, 5025, 9133, 7425, 2961, 5500, 3849, 4743, 6834, 3873, 8198, 2997, 5937, 6882, 7095, 4262, 6932, 6216, 5572, 5596, 6715, 8568, 2976, 1794, 8129, 5800, 8494, 3044, 5486, 8607, 8789, 7954, 9225, 6216, 9014, 7458, 7273, 4517, 9641, 9016, 6228, 9079, 7582, 4514, 6466, 6962, 4624, 8283, 4948, 2293, 9035, 5904, 5985, 3496, 5964, 4556, 5337, 2379, 8027, 2097, 8990, 5022, 8120, 5821, 7241, 1678, 9676, 5034, 9108, 897, 3588, 7938, 9491, 9883, 5197, 5875, 7176, 9540, 7870, 3944, 7677, 7900, 5649, 4155, 5384, 4805, 6267, 9362, 5587, 8838, 4140, 3332, 2738, 9490, 3861, 7286, 7163, 7431, 7591, 7520, 294, 2299, 8281, 3555, 3870, 7027, 3938, 6872, 5652, 7359, 1387, 5185, 6950, 6386, 6837, 7773, 8976, 4749, 9145, 6050, 3326, 9065, 6988, 2076, 9983, 6465, 8609, 5658, 7895, 7461, 8530, 7479, 9952, 5584, 6662, 5076, 9432, 9451, 3199, 9791, 5676, 5969, 9812, 9064, 8217, 9200, 4761, 5590, 9796, 2388, 7656, 7226, 8025, 7433, 5492, 4479, 5367, 4241, 7338, 5794, 4556, 6751, 5444, 7960, 3582, 8722, 9887, 6952, 7941, 8657, 2643, 9114, 3160, 4339, 9500, 5447, 3632, 6264, 8384, 8901, 3240, 6667, 7175, 6266, 7986, 8170, 6626, 7396, 7624, 8063, 9796, 3478, 6766, 8495, 6353, 8678, 6962, 6287, 5723, 3068, 7235, 8936, 5358, 6362, 6083, 9349, 3879, 8862, 6718, 3790, 1770, 9382, 7454, 3926, 1598, 2943, 6287, 5313, 3199, 7987, 7960, 3920, 6665, 8991, 8013, 3662, 998, 1289, 6035, 2251, 9427, 4589, 3353, 7289, 3858, 2159, 2887, 8563, 7951, 3665, 9498, 9661, 6255, 5545, 8599, 7912, 7448, 9986, 3656, 1791, 6371, 6471, 5189, 5637, 7044, 9756, 9586, 5771, 3347, 9566, 9938, 8933, 3582, 5548, 2845, 8470, 4696, 7932, 8200, 9114, 6398, 8435, 7701, 6196, 7831, 7993, 6998, 9849, 2851, 8045, 6801, 7047, 9062, 7975, 6525, 4265, 9294, 7298, 9023, 5649, 7960, 7594, 8823, 5293, 9696, 7119, 8539, 8990, 3038, 3199, 5868, 6935, 9905, 1883, 3620, 4247, 8696, 9670, 7629, 7710, 9225, 7921, 8149, 2254, 7900, 6664, 6799, 8251, 8997, 9488, 3897, 7502, 8333, 4419, 7042, 7681, 8485, 9212, 9626, 5055, 6284, 4247, 6893, 4030, 8893, 6076, 3288, 5438, 5785, 4853, 9213, 4942, 6106, 5498, 9117, 5373, 3867, 9836, 9118, 7223, 8036, 2070, 9536, 9800, 2765, 7146, 9999, 8281, 5694, 7099, 5551, 9093, 9216, 7422, 7018, 5699, 3552, 9971, 9884, 5218, 2899, 5165, 5114, 9160, 9433, 3228, 9497, 6388, 8725, 9400, 2447, 6038, 989, 7831, 6243, 3297, 7469, 8114, 4455, 3258, 3775, 9652, 4235, 8162, 7285, 9545, 8411, 9177, 3398, 9240, 1295, 2842, 4936, 5610, 8195, 7978, 5759, 6980, 5949, 8622, 5884, 5985, 2795, 9130, 7383, 7526, 6742, 7535, 5087, 9492, 7460, 1895, 9316, 9032, 2857, 9326, 4491, 7938, 8795, 6994, 5842, 8245, 9460, 8915, 9751, 6377, 6196, 9797, 9251, 9411, 9644, 8331, 8919, 4936, 4538, 5741, 6059, 8040, 2661, 6276, 1565, 6323, 6364, 7241, 5785, 7892, 5019, 8862, 9943, 5052, 7252, 3294, 9285, 6186, 4015, 9724, 6944, 8325, 4396, 9358, 7693, 6994, 8355, 9423, 5117, 9729, 6486, 7125, 8263, 3157, 9141, 2940, 7090, 8476, 8441, 8732, 5298, 9320, 3920, 6190, 1963, 297, 5991, 8521, 9100, 6703, 6261, 9515, 2997, 8821, 6308, 7586, 9983, 3448, 9569, 6091, 8473, 7987, 6781, 7182, 9522, 7615, 9275, 2189, 7820, 7912, 2254, 6308, 5397, 2777, 3041, 9154, 2688, 9317, 9673, 2949, 8948, 5236, 4265, 6753, 8910, 6080, 3534, 9751, 1185, 8871, 9474, 9983, 9886, 7668, 9545, 6288, 8722, 5497, 5800, 2848, 4776, 3255, 3671, 6932, 2162, 3980, 8394, 8578, 3353, 8289, 5616, 6979, 8761, 5195, 6793, 8158, 8431, 6109, 7627, 4856, 8979, 6754, 8363, 8286, 6677, 8636, 3790, 4918, 1476, 7098, 1859, 8242, 6130, 8930, 9096, 9882, 2836, 9952, 7796, 8331, 7814, 9711, 5972, 7633, 6145, 9530, 9151, 3077, 3056, 9343, 7080, 9599, 1182, 9112, 9747, 3362, 8520, 1785, 7855, 7823, 9961, 8378, 2878, 6282, 2599, 7840, 7832, 6596, 9611, 9189, 7286, 5512, 2471, 3727, 9123, 7443, 7951, 7932, 2272, 4966, 9451, 5785, 7948, 5186, 5972, 7083, 3561, 2168, 8236, 5114, 7039, 6308, 8155, 9221, 8287, 2376, 5212, 8863, 7294, 3291, 6950, 5183, 1099, 1684, 3888, 6911, 9947, 5845, 2287, 4042, 9729, 2290, 8132, 3736, 7659, 9061, 4476, 8990, 1497, 4710, 9028, 8732, 3445, 9189, 9288, 8346, 7933, 9495, 7699, 9463, 4657, 4262, 2566, 6329, 1378, 3071, 5649, 6513, 4110, 6543, 8453, 9897, 4550, 7256, 9537, 2747, 7433, 4764, 9994, 7526, 9830, 9983, 5102, 8048, 8649, 7567, 4796, 4912, 3644, 2982, 9273, 6828, 7954, 9967, 8806, 8946, 8381, 4633, 2293, 8690, 4223, 9519, 6727, 5488, 6192, 9230, 6065, 8682, 2554, 9007, 7751, 6986, 4072, 2649, 2676, 9897, 8539, 5542, 8951, 6828, 5450, 4265, 7196, 7250, 8027, 1274, 8584, 7107, 6777, 8562, 8572, 3962, 6863, 7466, 3558, 6680, 6872, 8155, 8198, 9418, 2661, 7270, 9123, 2394, 8242, 9068, 7154, 9581, 8672, 6875, 9888, 6955, 9652, 4122, 7271, 7093, 2453, 5337, 7597, 7184, 6059, 7645, 5569, 5530, 8498, 9472, 5890, 9631, 4850, 891, 9682, 5331, 8984, 9790, 9656, 9846, 8119, 4951, 5049, 9201, 9849, 8610, 3849, 4039, 5188, 8821, 7445, 8462, 9950, 7825, 8497, 6994, 9029, 9742, 6739, 7445, 8786, 7600, 2198, 8265, 7935, 8975, 8722, 6115, 8548, 4999, 398, 1580, 9791, 4060, 2495, 7193, 5580, 7416, 5806, 6430, 9418, 7583, 9282, 9219, 8767, 8607, 5512, 5248, 3332, 4479, 7817, 9858, 8425, 6650, 9285, 6498, 8488, 4324, 8823, 4054, 3796, 7814, 8081, 2658, 7119, 5435, 4113, 5426, 9806, 9076, 7540, 4217, 8710, 3867, 5387, 6911, 6774, 9978, 8428, 8838, 1981, 9555, 8253, 8978, 8483, 9990, 3546, 9801, 5961, 7570, 5135, 5694, 8206, 9834, 6368, 5997, 8024, 5631, 4449, 6857, 3246, 8179, 4461, 7369, 5887, 4030, 6576, 4295, 9427, 9200, 7083, 4761, 6297, 4565, 7476, 8189, 9501, 6270, 7785, 4482, 5105, 4378, 8661, 8907, 6566, 6789, 7511, 1963, 6273, 8598, 9880, 7737, 9126, 4060, 5637, 8022, 992, 9305, 3867, 3065, 3478, 8967, 8437, 9870, 5637, 7294, 7880, 793, 3769, 3781, 5551, 9500, 5328, 1087, 8615, 7752, 8789, 9799, 9222, 5770, 7142, 8176, 7636, 6943, 8082, 6489, 9941, 3240, 4375, 2765, 9904, 9500, 7437, 6959, 2646, 9255, 3246, 4384, 8037, 1568, 2658, 7160, 7760, 6697, 7868, 7755, 9652, 4217, 4315, 5871, 4021, 9201, 4107, 1577, 7523, 7678, 2183, 8942, 4298, 8693, 9224, 6557, 8545, 8860, 3561, 8275, 3499, 7039, 9537, 8777, 9885, 4663, 9392, 8903, 3133, 4681, 6897, 6165, 6398, 6986, 8483, 4603, 8612, 8627, 2798, 799, 8495, 989, 4241, 8765, 7390, 6067, 4701, 4880, 692, 8565, 6207, 6763, 8613, 8981, 6088, 7496, 9611, 6584, 1384, 8241, 7775, 9316, 8063, 4482, 1960, 7258, 4598, 5830, 5863, 7971, 6190, 6691, 9916, 6453, 7737, 5245, 6175, 6807, 7930, 5061, 9516, 6368, 8557, 7196, 8506, 3531, 1791, 9337, 7439, 4606, 3623, 1283, 7953, 4838, 3172, 3570, 3620, 3246, 6662, 6493, 1188, 7582, 8996, 8316, 2391, 4639, 3828, 5664, 5123, 8820, 9394, 4345, 6246, 6617, 2088, 2162, 4446, 6843, 2774, 6076, 5702, 4645, 6121, 9254, 4497, 8067, 5610, 8937, 2643, 7621, 7618, 5251, 7559, 4713, 7458, 2082, 6845, 6750, 6546, 3894, 8388, 9812, 3662, 5230, 8702, 3288, 3727, 7125, 7677, 9386, 5346, 6433, 1898, 7722, 6706, 2186, 9576, 9489, 1298, 8238, 8064, 7193, 9992, 8954, 8838, 7494, 6332, 6953, 4333, 8728, 9001, 7036, 9542, 9386, 4565, 3172, 9975, 9941, 8838, 4452, 7877, 7119, 9913, 9579, 3721, 5672, 9557, 4375, 8975, 5738, 5251, 2691, 1280, 8290, 7755, 5183, 3288, 8171, 9714, 6246, 5655, 8361, 7371, 3561, 1381, 7048, 5488, 4996, 8997, 9490, 4143, 5893, 3136, 9855, 7197, 6180, 8994, 5254, 8708, 5397, 8079, 7648, 4823, 8557, 6855, 8283, 9524, 9498, 6712, 7283, 9628, 9766, 5088, 8497, 3555, 8943, 9251, 5943, 2489, 8200, 2171, 2456, 5070, 4197, 7814, 5981, 4146, 8425, 6199, 9426, 9578, 7232, 8085, 6029, 1975, 2878, 5325, 8805, 9411, 4657, 3567, 8182, 8480, 8761, 1491, 8916, 6614, 1568, 5280, 6471, 4523, 1767, 6980, 9952, 6496, 7588, 9457, 9937, 8863, 6198, 7956, 3754, 4247, 5702, 7618, 4562, 6269, 9530, 9252, 9400, 4464, 7006, 8984, 7443, 8961, 3264, 7791, 8661, 6534, 9727, 8985, 9509, 6561, 4131, 8170, 9418, 9034, 6516, 1280, 5527, 9934, 6730, 6091, 7873, 7051, 9317, 6792, 8393, 3267, 9694, 8708, 9399, 9444, 7874, 2872, 4627, 8268, 7592, 4832, 5779, 7799, 5765, 9876, 2465, 9682, 8604, 5776, 7929, 6995, 9845, 6507, 4505, 7194, 3983, 9726, 6998, 7163, 8091, 4197, 6154, 8158, 6635, 3674, 8506, 9117, 8131, 8975, 7466, 7099, 8669, 8776, 8795, 8958, 8910, 4223, 3558, 7583, 8554, 6263, 8066, 1084, 7285, 5596, 9632, 6139, 3243, 6198, 9272, 7137, 5494, 5646, 4951, 8960, 9791, 7294, 5530, 3439, 9317, 9156, 7291, 4378, 7158, 7561, 7499, 7894, 8126, 4894, 3472, 1862, 5907, 7684, 4693, 5878, 4883, 9433, 9697, 8913, 5693, 9818, 8278, 5171, 8619, 7781, 1381, 3531, 2094, 9741, 8580, 2967, 9055, 8123, 9038, 4110, 5194, 4841, 7508, 4719, 4782, 3911, 7264, 7612, 4217, 8675, 9077, 8521, 4989, 8732, 8930, 7196, 9322, 8765, 9488, 5378, 9494, 7255, 7595, 9795, 9851, 8681, 9888, 6658, 3980, 9979, 9385, 2875, 7538, 2373, 7059, 5079, 4517, 2263, 5361, 9197, 7044, 5527, 7704, 7984, 9284, 4874, 1862, 9872, 4915, 8928, 7289, 4066, 6287, 9781, 7259, 9588, 9460, 2973, 8720, 4372, 6376, 2964, 6959, 5019, 9647, 9344, 4461, 8875, 8937, 7365, 4312, 2676, 8337, 9940, 3840, 7523, 5679, 3953, 8774, 8607, 6772, 7342, 7027, 8723, 4021, 4479, 7187, 7595, 7865, 9472, 9160, 9462, 2474, 4321, 6831, 793, 8221, 1185, 2884, 3799, 8970, 7179, 3911, 6448, 3998, 7202, 3686, 8679, 8155, 5444, 7396, 9695, 1093, 9748, 5901, 2985, 4244, 2554, 5756, 7074, 9209, 7099, 8586, 6367, 6644, 8220, 8979, 1779, 8229, 894, 4244, 686, 5242, 7891, 7852, 9997, 8423, 9141, 7573, 8527, 8004, 3442, 6341, 2192, 9261, 7090, 8991, 4387, 6184, 3793, 4696, 6718, 8269, 7968, 6361, 7538, 8841, 9904, 3190, 9299, 4547, 3686, 6698, 8640, 9934, 7229, 9082, 3092, 4894, 7883, 8296, 6760, 7188, 7137, 7197, 8786, 7087, 6641, 8426, 9263, 6971, 1390, 8521, 8186, 7493, 6573, 4568, 7199, 4333, 9498, 398, 9860, 5845, 9828, 6703, 1191, 3576, 2391, 5132, 7550, 3989, 2836, 9598, 4755, 6335, 9334, 9839, 4814, 5444, 7116, 7142, 6273, 392, 897, 7903, 698, 4226, 5090, 6694, 5260, 5987, 7591, 9894, 5952, 5996, 6656, 7873, 6374, 1960, 4624, 6964, 6804, 9763, 6686, 8577, 8325, 5664, 7550, 6436, 9349, 9132, 4119, 4889, 9605, 7716, 5676, 4633, 4559, 5364, 1194, 7996, 9270, 5168, 6490, 1693, 4900, 5595, 5284, 4853, 5916, 9573, 7546, 8476, 4963, 6822, 3650, 7030, 2899, 2171, 9439, 6799, 7844, 9294, 9344, 8853, 8806, 4731, 7779, 8370, 9693, 3098, 8028, 7285, 4580, 5079, 1669, 4497, 6558, 3579, 1476, 6950, 8785, 5182, 8881, 9783, 6555, 3047, 9727, 1384, 7386, 3478, 8949, 7594, 6032, 8684, 7497, 6854, 5590, 1176, 6493, 2266, 7663, 8191, 8370, 9396, 8214, 5099, 8159, 8007, 5138, 7006, 6406, 9572, 9586, 9307, 3264, 7544, 6593, 8691, 7669, 6471, 9617, 5744, 5705, 8924, 4749, 3041, 8725, 9754, 9177, 7258, 3968, 8785, 9329, 7404, 5007, 8067, 9886, 9236, 6148, 2394, 9412, 4948, 4844, 398, 9999, 5408, 9108, 9349, 6597, 5290, 9038, 6489, 4066, 3882, 7384, 8310, 8345, 6225, 5022, 5483, 8397, 8037, 2845, 6190, 8361, 9394, 8296, 5108, 6522, 9065, 6566, 5477, 9341, 5967, 490, 1687, 6914, 9911, 9694, 2964, 9079, 5269, 6774, 8097, 9564, 7796, 3136, 9564, 7145, 6837, 1084, 5765, 5438, 1773, 7629, 1078, 9150, 9210, 8584, 2275, 2266, 9530, 4909, 8937, 8381, 1960, 8494, 9123, 5797, 9358, 3849, 6189, 6608, 5322, 9555, 4844, 6498, 4844, 9679, 294, 7567, 5581, 4452, 7374, 9557, 8592, 6383, 9836, 7090, 6071, 4461, 6496, 8385, 9597, 1782, 7071, 8795, 8470, 8999, 9715, 8717, 8262, 9487, 2254, 9824, 7892, 6721, 3914, 7333, 8788, 5390, 8839, 6174, 4018, 5580, 8165, 8334, 5554, 1568, 4877, 8168, 2750, 9629, 7283, 5533, 6489, 8785, 5492, 9741, 4900, 9002, 9570, 7113, 8096, 9459, 7790, 8744, 7889, 9294, 6578, 9343, 6451, 5973, 7056, 4179, 8410, 8416, 8789, 2976, 8581, 6712, 9705, 9251, 9344, 9656, 9819, 6376, 1595, 8491, 2566, 9990, 6210, 9950, 2994, 7828, 9890, 6932, 5364, 4485, 8844, 5934, 8693, 6171, 6570, 9759, 9821, 6344, 4372, 4589, 6282, 7900, 6955, 9184, 5797, 8402, 7291, 7767, 5524, 6493, 9349, 9973, 2456, 4690, 7283, 3258, 1191, 3395, 4452, 9839, 7280, 8746, 8512, 8330, 3160, 1874, 2287, 9599, 5738, 4336, 5491, 1179, 5316, 1479, 3353, 7742, 7540, 6891, 1583, 5857, 8122, 5325, 9779, 9842, 4173, 5782, 5393, 7828, 7078, 7425, 8991, 8402, 3341, 6240, 8251, 8402, 8070, 6670, 9448, 1191, 9086, 6471, 4672, 8660, 8749, 1990, 7968, 8146, 7585, 5545, 6888, 3472, 5031, 8438, 6478, 5304, 9858, 9180, 3199, 7134, 5019, 7603, 3157, 8238, 3068, 7048, 7767, 8244, 6023, 7182, 3674, 9001, 5186, 9525, 5753, 6394, 9490, 8789, 9402, 1764, 5866, 7864, 9052, 2088, 6617, 5349, 5105, 8361, 6314, 6347, 1996, 8740, 9141, 7012, 2587, 5970, 9852, 9810, 8260, 8936, 8393, 695, 9783, 8191, 7597, 9952, 9405, 7954, 9275, 1580, 6888, 9968, 493, 4642, 7989, 8545, 9882, 9631, 7675, 6374, 8173, 5191, 4396, 2453, 9901, 5055, 8710, 8984, 4223, 7277, 6151, 2661, 8226, 7393, 2970, 9840, 8969, 7188, 3187, 7375, 8141, 9186, 7745, 5560, 5593, 4972, 9334, 698, 4981, 7485, 5512, 1773, 7586, 8670, 8476, 8340, 4993, 4565, 4479, 7574, 8316, 8004, 1096, 9558, 6237, 8708, 597, 7632, 8131, 9619, 9406, 7181, 4467, 9561, 4577, 6181, 5408, 4464, 9956, 5679, 2180, 9908, 1782, 9414, 8916, 7389, 2682, 1592, 7074, 9180, 6579, 6329, 1583, 9845, 5815, 8593, 8964, 8984, 9810, 1990, 6590, 5646, 4390, 2376, 3938, 4096, 9717, 6998, 9795, 4862, 7315, 8598, 6008, 8446, 2061, 6674, 7941, 6181, 1589, 8158, 7574, 6501, 8183, 8789, 7805, 4214, 6368, 7995, 7805, 6210, 8173, 7072, 9828, 7573, 9708, 4981, 5497, 3781, 7341, 8794, 9597, 3689, 9391, 6597, 8808, 6677, 7396, 8789, 8440, 6658, 4428, 7864, 8019, 8859, 9671, 8176, 7935, 3136, 8491, 6891, 9411, 7558, 7999, 9747, 7882, 7419, 5759, 6831, 6528, 8691, 5574, 8998, 1865, 9029, 1865, 3139, 8266, 4241, 9383, 8397, 9266, 5655, 4517, 490, 9295, 7671, 6070, 8866, 6305, 7752, 6234, 9724, 9287, 5833, 9962, 7185, 8198, 7847, 2599, 9557, 7559, 6011, 8429, 7134, 8387, 7757, 6760, 9399, 9689, 8143, 2646, 8242, 9537, 3858, 6614, 6777, 8979, 4286, 6854, 8229, 1678, 6231, 5925, 9041, 8524, 8452, 5197, 7066, 9436, 5583, 3793, 5854, 9414, 5726, 2486, 6498, 6796, 4036, 2397, 1898, 9471, 8595, 9391, 4113, 6864, 5474, 9892, 5773, 2465, 7966, 9757, 5381, 2483, 8379, 9020, 7080, 8315, 4627, 7350, 6196, 5396, 6285, 6946, 8806, 9979, 8557, 9091, 7586, 3644, 2979, 8722, 6977, 9653, 9708, 6605, 1987, 7847, 5658, 7767, 3781, 8141, 9411, 2355, 8156, 6088, 9230, 9254, 3077, 9690, 7044, 6949, 392, 5780, 8013, 9028, 5046, 4072, 9311, 1877, 6076, 6695, 4889, 7440, 9466, 3781, 5566, 5572, 9902, 6790, 7561, 5780, 4360, 5940, 4274, 6356, 5287, 6700, 3285, 9940, 4880, 5150, 5432, 3178, 4107, 8366, 7476, 7024, 2860, 5376, 6986, 7586, 7276, 885, 9815, 2382, 3837, 7606, 4289, 9549, 8743, 5230, 6953, 8893, 3525, 7237, 882, 7289, 7185, 8494, 4208, 7445, 4407, 7850, 8315, 7742, 6923, 7834, 6858, 7862, 3852, 4556, 4131, 4987, 4577, 8250, 493, 6370, 9346, 9228, 2697, 9694, 8223, 3781, 8327, 9304, 9095, 2287, 5007, 1479, 9308, 4987, 7657, 9994, 5097, 9629, 2940, 9212, 8860, 8033, 9240, 1494, 7535, 8331, 7592, 3650, 6578, 9699, 9726, 9276, 3175, 3071, 5293, 9527, 2661, 9732, 5289, 7814, 4443, 7479, 9213, 4140, 8354, 3695, 1672, 6881, 9754, 9979, 5599, 6727, 7488, 7713, 9679, 2658, 7365, 5411, 6914, 6165, 7306, 6486, 6608, 5257, 6703, 4286, 6747, 6115, 7393, 5940, 5696, 7639, 4262, 8102, 8126, 8247, 9111, 5640, 3849, 5040, 8292, 9649, 3573, 6730, 6053, 2278, 8033, 2290, 6228, 8529, 6706, 6178, 6356, 6231, 5251, 7965, 2771, 3282, 7262, 7589, 8672, 7196, 8752, 9376, 9762, 9148, 4559, 5961, 9284, 6395, 3172, 7579, 9872, 8434, 6400, 9588, 7344, 7603, 6991, 6136, 7470, 5248, 9730, 1274, 3555, 8803, 4562, 8812, 2872, 7573, 7817, 5459, 8982, 5001, 8119, 4479, 9742, 5592, 7923, 5851, 8137, 1372, 2082, 4508, 7348, 8467, 7929, 2563, 5070, 6198, 8399, 8262, 3796, 9233, 9311, 5982, 3329, 9124, 9398, 9058, 4776, 9579, 8073, 9540, 4719, 8874, 5251, 2747, 9984, 1488, 6736, 3368, 9988, 5245, 7986, 7550, 6103, 5797, 6721, 9011, 695, 9426, 3243, 9578, 6382, 7419, 3561, 8188, 4238, 6409, 4897, 6694, 8491, 7223, 5622, 4624, 9394, 7609, 9430, 2878, 9077, 6549, 9656, 8957, 5892, 4841, 9709, 9273, 9310, 5643, 9317, 5185, 2893, 8610, 8841, 8982, 6991, 2640, 6287, 7933, 8560, 7580, 787, 8860, 6973, 9629, 3662, 6750, 9227, 9549, 2079, 8468, 7681, 7531, 9498, 8447, 1859, 3341, 5082, 7920, 7087, 6745, 5587, 3098, 6386, 2866, 9834, 4387, 2082, 1699, 8138, 4268, 9486, 2189, 3490, 7671, 5664, 4675, 8286, 1895, 7939, 8526, 6308, 1960, 10000, 6358, 7252, 6249, 7680, 5417, 3730, 7935, 8900, 8509, 7935, 5316, 6578, 496, 9822, 8797, 1396, 4657, 4396, 5111, 8841, 5679, 4981, 5405, 3659, 5242, 9083, 9682, 7286, 5928, 6994, 8789, 5661, 9647, 8174, 888, 6570, 7909, 4883, 3665, 2569, 9977, 7380, 5851, 3885, 8123, 4060, 7090, 7190, 6887, 3145, 9474, 9584, 6949, 7589, 7074, 3739, 9418, 1889, 8960, 3445, 7606, 4526, 5925, 3353, 9569, 5497, 7410, 7656, 4505, 3089, 8334, 9506, 6620, 4024, 7080, 7879, 4520, 8495, 6094, 1776, 5495, 4072, 9896, 6068, 9980, 9898, 787, 9759, 4749, 7927, 2896, 6017, 7778, 7271, 8818, 4793, 4797, 6311, 8067, 8994, 9976, 5958, 4152, 8063, 5691, 5254, 7393, 4232, 9347, 9311, 4710, 7984, 6121, 8682, 2697, 8839, 6038, 2492, 7760, 6121, 9412, 8040, 2994, 2664, 9141, 5141, 4158, 897, 4217, 9098, 5871, 2848, 5183, 8443, 6367, 4811, 3032, 7876, 9652, 9260, 9684, 4396, 9365, 9674, 3454, 9480, 9800, 4452, 6005, 3727, 9980, 1479, 6783, 4998, 7395, 4785, 8726, 7660, 8283, 2266, 9114, 9177, 3362, 5717, 4850, 5198, 4431, 8722, 7006, 8250, 8471, 7033, 6754, 6769, 9570, 9442, 4859, 1984, 6700, 9284, 5812, 7766, 4482, 5735, 9168, 7389, 7941, 8937, 6430, 7846, 6032, 8384, 9184, 8998, 7710, 6739, 5396, 7559, 5209, 1764, 1773, 6885, 4927, 5779, 2067, 7595, 8960, 8417, 9763, 5554, 6982, 5786, 6849, 8284, 1470, 8658, 9195, 2952, 7582, 8125, 9077, 8051, 8633, 6504, 7078, 6772, 6584, 9893, 1289, 4452, 8434, 9393, 8307, 6287, 9168, 4841, 4520, 8612, 8322, 6771, 5459, 9813, 7531, 6187, 793, 8036, 2545, 7603, 1859, 5652, 7767, 8630, 8711, 9698, 3380, 8147, 4220, 7006, 8550, 9563, 9248, 7770, 7710, 4577, 3745, 1099, 7099, 6590, 4987, 9975, 9998, 4176, 7458, 8232, 3371, 8866, 7653, 2257, 1393, 9715, 7078, 5868, 9650, 8016, 7472, 8569, 4642, 3938, 8355, 7645, 7475, 7653, 7069, 7730, 8746, 7772, 7143, 8826, 7481, 8999, 5697, 2260, 8459, 3864, 8988, 6882, 1672, 4170, 5509, 6659, 1773, 8714, 6382, 9613, 9367, 3834, 8673, 8681, 5533, 7354, 4666, 2789, 6282, 7363, 8070, 8378, 5634, 8473, 3371, 9430, 7618, 6457, 6665, 3332, 9139, 8031, 4606, 4699, 9629, 8331, 7027, 6305, 6272, 8916, 5313, 6682, 9791, 8307, 9783, 6875, 4262, 7446, 7024, 7455, 9284, 8957, 9744, 6747, 8628, 8900, 6403, 4740, 8144, 5982, 9890, 5619, 4502, 3291, 8327, 2896, 9197, 8551, 7883, 5037, 9772, 5649, 6561, 8560, 4799, 7297, 2183, 5675, 5753, 7567, 5195, 7606, 7223, 8860, 4018, 8422, 8236, 5753, 8203, 2949, 8514, 5949, 8765, 5132, 6822, 9935, 3977, 4981, 2391, 5459, 6700, 6243, 4096, 6947, 6977, 2863, 6597, 9812, 9276, 8378, 2670, 8324, 7455, 8345, 5067, 9570, 7375, 3591, 1883, 9640, 297, 9558, 5958, 7461, 3240, 6908, 6475, 3537, 3947, 5913, 7950, 9243, 6195, 4143, 1280, 6284, 9789, 6968, 5789, 8450, 6813, 9272, 6459, 6591, 7184, 8423, 5506, 7758, 9579, 8203, 8131, 9287, 8609, 9488, 8544, 7255, 6771, 9398, 1874, 8331, 5284, 7573, 8598, 5587, 9934, 3917, 5880, 7164, 8598, 9373, 8013, 8976, 9516, 6570, 3335, 7169, 8937, 888, 2465, 2278, 4966, 8482, 7194, 8890, 6730, 9617, 8410, 6181, 9729, 6661, 3050, 3790, 2934, 4698, 9949, 6911, 3582, 8141, 9454, 8708, 7223, 2456, 3882, 5883, 7942, 6456, 3041, 3778, 9594, 7538, 9804, 9391, 7096, 9335, 98, 3478, 3573, 7190, 7987, 8952, 8666, 8093, 9172, 6359, 7920, 7675, 4681, 6302, 7971, 5123, 7220, 2949, 5296, 3475, 2863, 8984, 9869, 9346, 4363, 2156, 3867, 9445, 9411, 3644, 2771, 4223, 9679, 9866, 6540, 8186, 5922, 4541, 6560, 7978, 8642, 2845, 2646, 9673, 8191, 1957, 9079, 5034, 4179, 6293, 7763, 4998, 9732, 9044, 7392, 7992, 3472, 5203, 2260, 6594, 8755, 7680, 7164, 7146, 4936, 9869, 7344, 3816, 5423, 3623, 7822, 6166, 3537, 6566, 8423, 3053, 8290, 5985, 8278, 7494, 8295, 8307, 6555, 9977, 3047, 1390, 6097, 6050, 8542, 8506, 5111, 9287, 4687, 3555, 9004, 3959, 6965, 7558, 8954, 6516, 7344, 8618, 7672, 3472, 3989, 5488, 5901, 6567, 6971, 9842, 7894, 2581, 8685, 5589, 9353, 7598, 9390, 7374, 7576, 8217, 2575, 7488, 7256, 7880, 9920, 3092, 7739, 8266, 8609, 5230, 5485, 4648, 3252, 8361, 9768, 9585, 7980, 6857, 7163, 9665, 8456, 5691, 7556, 4903, 9628, 7526, 9647, 7095, 1999, 891, 8116, 4820, 3273, 5346, 7395, 6557, 6480, 8535, 5114, 5150, 9735, 7932, 9255, 9261, 5079, 7656, 3294, 7051, 8939, 5492, 8117, 9358, 6190, 3793, 7562, 3849, 8951, 9902, 5242, 3686, 9599, 6602, 7719, 8346, 5141, 9243, 5188, 9234, 3641, 8687, 6861, 6377, 9391, 9941, 4452, 5661, 8183, 6465, 7238, 9365, 3671, 7965, 2183, 9944, 5554, 8298, 297, 5192, 7372, 8786, 8027, 6661, 5572, 8610, 8227, 2934, 1571, 9897, 4951, 9456, 9781, 8343, 4847, 9596, 9385, 8229, 8875, 3718, 8076, 1491, 1868, 9044, 5765, 9634, 3436, 5325, 8673, 5682, 8542, 2691, 9718, 8057, 5304, 3683, 7555, 6843, 8325, 4897, 6528, 2480, 6216, 9059, 7348, 7084, 5922, 6086, 6635, 7693, 7828, 3154, 5091, 2195, 5129, 4422, 6489, 9570, 6575, 7595, 2697, 4791, 6989, 4116, 5280, 3240, 9056, 4009, 3092, 6370, 3522, 8271, 6955, 5672, 8007, 5394, 992, 5263, 8652, 8226, 6554, 8162, 591, 7669, 8141, 9135, 4544, 2453, 9451, 5874, 3092, 8685, 9047, 8467, 1868, 1387, 8313, 6873, 9082, 7963, 9661, 9168, 4063, 2587, 6466, 9751, 9751, 3451, 4883, 9760, 9004, 6288, 8669, 2893, 7831, 4274, 2988, 3861, 7003, 5272, 7677, 7152, 9219, 6585, 6706, 5640, 8639, 4087, 6679, 7704, 2937, 6698, 5735, 8939, 7689, 7941, 4499, 3686, 5583, 3733, 9417, 6465, 6412, 9071, 8037, 496, 6297, 8158, 9791, 8857, 7849, 3769, 9240, 9141, 2952, 8033, 3083, 3065, 5815, 3038, 9507, 9598, 8266, 2165, 9812, 2296, 8643, 3787, 4030, 9305, 9996, 8250, 8411, 5093, 6267, 790, 8862, 6608, 1197, 4695, 5622, 8355, 9885, 5904, 9589, 4309, 7270, 7110, 8461, 7687, 5194, 9412, 5907, 2462, 7582, 4494, 8529, 6263, 8310, 5907, 7704, 9299, 8480, 5227, 8108, 6350, 9682, 9151, 2878, 6695, 8878, 4675, 3849, 7852, 8274, 8361, 7570, 9694, 3056, 7695, 4989, 5533, 8934, 9566, 4788, 8138, 7975, 6581, 7654, 5631, 6272, 7488, 992]
================================================================================================
